0 808 169
1 793 154
2 763 143
3 758 134
4 752 124
5 736 113
6 724 107
7 714 97
8 680 91
9 667 85
10 653 78
11 628 76
12 610 73
13 582 72
14 494 72
15 265 70
16 176 70
17 150 70
18 141 70
19 133 67
20 129 65
21 122 65
22 115 64
23 111 64
24 99 62
25 95 60
26 88 59
27 80 59
28 75 59
29 70 59
30 69 58
31 66 58
32 66 58
33 64 58
34 59 58
35 57 58
36 50 58
37 48 58
38 46 58
39 45 58
40 45 58
41 41 57
42 40 57
43 39 57
44 39 57
45 35 57
46 34 57
47 32 57
48 32 57
49 31 57
50 30 57
51 29 57
52 29 57
53 29 57
54 27 57
55 27 57
56 27 55
57 26 55
58 26 55
59 25 55
60 25 55
61 25 55
62 25 55
63 25 55
64 25 55
65 25 54
66 25 54
67 25 54
68 25 54
69 25 54
70 25 54
71 25 53
72 25 52
73 25 50
74 25 49
75 24 49
76 24 48
77 24 48
78 24 48
79 24 48
80 24 48
81 24 48
82 24 48
83 24 48
84 24 48
85 24 48
86 24 48
87 24 48
88 23 48
89 23 48
90 23 48
91 23 48
92 22 48
93 22 47
94 22 46
95 22 45
96 22 45
97 22 45
98 22 45
99 22 45
