0 796 119
1 781 102
2 750 91
3 745 82
4 739 72
5 723 61
6 711 55
7 700 45
8 666 39
9 653 33
10 639 25
11 612 23
12 593 20
13 565 19
14 478 19
15 248 17
16 160 17
17 135 17
18 126 17
19 118 15
20 114 13
21 107 13
22 100 12
23 96 12
24 84 10
25 80 8
26 73 7
27 65 7
28 60 7
29 55 7
30 54 7
31 51 7
32 51 7
33 50 7
34 45 7
35 43 7
36 36 7
37 34 7
38 32 7
39 31 7
40 31 7
41 27 7
42 26 7
43 25 7
44 25 7
45 21 7
46 20 7
47 18 7
48 18 7
49 17 7
50 16 7
51 15 7
52 15 7
53 15 7
54 14 7
55 14 7
56 14 6
57 13 6
58 12 6
59 11 6
60 11 6
61 11 6
62 11 6
63 11 6
64 11 6
65 11 6
66 11 6
67 11 6
68 11 6
69 11 6
70 11 6
71 11 6
72 11 6
73 11 6
74 11 6
75 10 6
76 10 6
77 10 6
78 10 6
79 10 6
80 10 6
81 10 6
82 10 6
83 10 6
84 10 6
85 10 6
86 10 6
87 10 6
88 9 6
89 9 6
90 9 6
91 9 6
92 8 6
93 8 6
94 8 6
95 8 6
96 8 6
97 8 6
98 8 6
99 8 6
