0 813 119
1 798 102
2 768 90
3 763 81
4 757 71
5 741 60
6 729 54
7 719 44
8 685 38
9 672 32
10 659 24
11 635 22
12 617 19
13 589 18
14 504 18
15 279 16
16 191 16
17 165 16
18 156 16
19 148 12
20 144 10
21 138 10
22 131 9
23 127 9
24 115 7
25 111 5
26 104 4
27 96 4
28 91 4
29 86 4
30 86 3
31 83 3
32 83 3
33 81 3
34 76 3
35 74 3
36 67 3
37 65 3
38 63 3
39 62 3
40 62 3
41 58 3
42 57 3
43 56 3
44 56 3
45 52 3
46 51 3
47 49 3
48 49 3
49 48 3
50 47 3
51 46 3
52 46 3
53 46 3
54 44 3
55 44 3
56 44 2
57 43 2
58 43 2
59 42 2
60 42 2
61 42 2
62 42 2
63 42 2
64 42 2
65 42 2
66 42 2
67 42 2
68 42 2
69 42 2
70 42 2
71 42 2
72 42 2
73 42 2
74 42 2
75 41 2
76 41 2
77 41 2
78 41 2
79 41 2
80 41 2
81 41 2
82 41 2
83 41 2
84 41 2
85 41 2
86 41 2
87 41 2
88 40 2
89 40 2
90 40 2
91 40 2
92 39 2
93 39 2
94 39 2
95 39 2
96 39 2
97 39 2
98 39 2
99 39 2
