0 813 161
1 798 145
2 768 134
3 763 125
4 757 115
5 741 104
6 729 98
7 719 88
8 685 82
9 672 76
10 659 69
11 635 67
12 617 64
13 589 63
14 504 63
15 279 60
16 191 60
17 165 60
18 156 60
19 148 57
20 144 55
21 138 55
22 131 54
23 127 54
24 115 52
25 111 50
26 104 49
27 96 49
28 91 49
29 86 49
30 86 48
31 83 48
32 83 48
33 81 48
34 76 48
35 74 48
36 67 48
37 65 48
38 63 48
39 62 48
40 62 48
41 58 47
42 57 47
43 56 47
44 56 47
45 52 47
46 51 47
47 49 47
48 49 47
49 48 47
50 47 47
51 46 47
52 46 47
53 46 47
54 44 47
55 44 47
56 44 45
57 43 45
58 43 45
59 42 45
60 42 45
61 42 45
62 42 45
63 42 45
64 42 45
65 42 44
66 42 44
67 42 44
68 42 44
69 42 44
70 42 44
71 42 43
72 42 42
73 42 40
74 42 39
75 41 39
76 41 38
77 41 38
78 41 38
79 41 38
80 41 38
81 41 38
82 41 38
83 41 38
84 41 38
85 41 38
86 41 38
87 41 38
88 40 38
89 40 38
90 40 38
91 40 38
92 39 38
93 39 37
94 39 36
95 39 35
96 39 35
97 39 35
98 39 35
99 39 35
