0 813 164
1 798 148
2 768 137
3 763 128
4 757 118
5 741 107
6 729 101
7 719 91
8 685 85
9 672 79
10 659 72
11 635 70
12 617 67
13 589 66
14 504 66
15 279 64
16 191 64
17 165 64
18 156 64
19 148 61
20 144 59
21 138 59
22 131 58
23 127 58
24 115 56
25 111 54
26 104 53
27 96 53
28 91 53
29 86 53
30 86 52
31 83 52
32 83 52
33 81 52
34 76 52
35 74 52
36 67 52
37 65 52
38 63 52
39 62 52
40 62 52
41 58 51
42 57 51
43 56 51
44 56 51
45 52 51
46 51 51
47 49 51
48 49 51
49 48 51
50 47 51
51 46 51
52 46 51
53 46 51
54 44 51
55 44 51
56 44 49
57 43 49
58 43 49
59 42 49
60 42 49
61 42 49
62 42 49
63 42 49
64 42 49
65 42 48
66 42 48
67 42 48
68 42 48
69 42 48
70 42 48
71 42 47
72 42 46
73 42 44
74 42 43
75 41 43
76 41 42
77 41 42
78 41 42
79 41 42
80 41 42
81 41 42
82 41 42
83 41 42
84 41 42
85 41 42
86 41 42
87 41 42
88 40 42
89 40 42
90 40 42
91 40 42
92 39 42
93 39 41
94 39 40
95 39 39
96 39 39
97 39 39
98 39 39
99 39 39
