0 67 169
1 61 154
2 52 143
3 48 134
4 48 124
5 47 113
6 47 107
7 46 97
8 41 91
9 40 85
10 37 78
11 33 76
12 33 73
13 33 72
14 27 72
15 11 70
16 5 70
17 5 70
18 5 70
19 5 67
20 5 65
21 5 65
22 5 64
23 5 64
24 4 62
25 4 60
26 4 59
27 4 59
28 4 59
29 4 59
30 4 58
31 4 58
32 4 58
33 4 58
34 4 58
35 4 58
36 2 58
37 2 58
38 2 58
39 2 58
40 2 58
41 1 57
42 1 57
43 1 57
44 1 57
45 1 57
46 1 57
47 1 57
48 1 57
49 1 57
50 1 57
51 0 57
52 0 57
53 0 57
54 0 57
55 0 57
56 0 55
57 0 55
58 0 55
59 0 55
60 0 55
61 0 55
62 0 55
63 0 55
64 0 55
65 0 54
66 0 54
67 0 54
68 0 54
69 0 54
70 0 54
71 0 53
72 0 52
73 0 50
74 0 49
75 0 49
76 0 48
77 0 48
78 0 48
79 0 48
80 0 48
81 0 48
82 0 48
83 0 48
84 0 48
85 0 48
86 0 48
87 0 48
88 0 48
89 0 48
90 0 48
91 0 48
92 0 48
93 0 47
94 0 46
95 0 45
96 0 45
97 0 45
98 0 45
99 0 45
