0 813 130
1 798 114
2 768 102
3 763 93
4 757 83
5 741 72
6 729 66
7 719 56
8 685 50
9 672 44
10 659 36
11 635 34
12 617 31
13 589 30
14 504 30
15 279 27
16 191 27
17 165 27
18 156 27
19 148 24
20 144 22
21 138 22
22 131 21
23 127 21
24 115 19
25 111 17
26 104 16
27 96 16
28 91 16
29 86 16
30 86 15
31 83 15
32 83 15
33 81 15
34 76 15
35 74 15
36 67 15
37 65 15
38 63 15
39 62 15
40 62 15
41 58 14
42 57 14
43 56 14
44 56 14
45 52 14
46 51 14
47 49 14
48 49 14
49 48 14
50 47 14
51 46 14
52 46 14
53 46 14
54 44 14
55 44 14
56 44 12
57 43 12
58 43 12
59 42 12
60 42 12
61 42 12
62 42 12
63 42 12
64 42 12
65 42 11
66 42 11
67 42 11
68 42 11
69 42 11
70 42 11
71 42 11
72 42 10
73 42 8
74 42 7
75 41 7
76 41 6
77 41 6
78 41 6
79 41 6
80 41 6
81 41 6
82 41 6
83 41 6
84 41 6
85 41 6
86 41 6
87 41 6
88 40 6
89 40 6
90 40 6
91 40 6
92 39 6
93 39 6
94 39 5
95 39 4
96 39 4
97 39 4
98 39 4
99 39 4
