0 813 158
1 798 142
2 768 131
3 763 122
4 757 112
5 741 101
6 729 95
7 719 85
8 685 79
9 672 73
10 659 66
11 635 64
12 617 61
13 589 60
14 504 60
15 279 57
16 191 57
17 165 57
18 156 57
19 148 54
20 144 52
21 138 52
22 131 51
23 127 51
24 115 49
25 111 47
26 104 46
27 96 46
28 91 46
29 86 46
30 86 45
31 83 45
32 83 45
33 81 45
34 76 45
35 74 45
36 67 45
37 65 45
38 63 45
39 62 45
40 62 45
41 58 44
42 57 44
43 56 44
44 56 44
45 52 44
46 51 44
47 49 44
48 49 44
49 48 44
50 47 44
51 46 44
52 46 44
53 46 44
54 44 44
55 44 44
56 44 42
57 43 42
58 43 42
59 42 42
60 42 42
61 42 42
62 42 42
63 42 42
64 42 42
65 42 41
66 42 41
67 42 41
68 42 41
69 42 41
70 42 41
71 42 40
72 42 39
73 42 37
74 42 36
75 41 36
76 41 35
77 41 35
78 41 35
79 41 35
80 41 35
81 41 35
82 41 35
83 41 35
84 41 35
85 41 35
86 41 35
87 41 35
88 40 35
89 40 35
90 40 35
91 40 35
92 39 35
93 39 34
94 39 33
95 39 32
96 39 32
97 39 32
98 39 32
99 39 32
