0 813 147
1 798 131
2 768 119
3 763 110
4 757 100
5 741 89
6 729 83
7 719 73
8 685 67
9 672 61
10 659 54
11 635 52
12 617 49
13 589 48
14 504 48
15 279 45
16 191 45
17 165 45
18 156 45
19 148 42
20 144 40
21 138 40
22 131 39
23 127 39
24 115 37
25 111 35
26 104 34
27 96 34
28 91 34
29 86 34
30 86 33
31 83 33
32 83 33
33 81 33
34 76 33
35 74 33
36 67 33
37 65 33
38 63 33
39 62 33
40 62 33
41 58 32
42 57 32
43 56 32
44 56 32
45 52 32
46 51 32
47 49 32
48 49 32
49 48 32
50 47 32
51 46 32
52 46 32
53 46 32
54 44 32
55 44 32
56 44 30
57 43 30
58 43 30
59 42 30
60 42 30
61 42 30
62 42 30
63 42 30
64 42 30
65 42 29
66 42 29
67 42 29
68 42 29
69 42 29
70 42 29
71 42 29
72 42 28
73 42 26
74 42 25
75 41 25
76 41 24
77 41 24
78 41 24
79 41 24
80 41 24
81 41 24
82 41 24
83 41 24
84 41 24
85 41 24
86 41 24
87 41 24
88 40 24
89 40 24
90 40 24
91 40 24
92 39 24
93 39 23
94 39 22
95 39 21
96 39 21
97 39 21
98 39 21
99 39 21
