0 813 153
1 798 137
2 768 126
3 763 117
4 757 107
5 741 96
6 729 90
7 719 80
8 685 74
9 672 68
10 659 61
11 635 59
12 617 56
13 589 55
14 504 55
15 279 52
16 191 52
17 165 52
18 156 52
19 148 49
20 144 47
21 138 47
22 131 46
23 127 46
24 115 44
25 111 42
26 104 41
27 96 41
28 91 41
29 86 41
30 86 40
31 83 40
32 83 40
33 81 40
34 76 40
35 74 40
36 67 40
37 65 40
38 63 40
39 62 40
40 62 40
41 58 39
42 57 39
43 56 39
44 56 39
45 52 39
46 51 39
47 49 39
48 49 39
49 48 39
50 47 39
51 46 39
52 46 39
53 46 39
54 44 39
55 44 39
56 44 37
57 43 37
58 43 37
59 42 37
60 42 37
61 42 37
62 42 37
63 42 37
64 42 37
65 42 36
66 42 36
67 42 36
68 42 36
69 42 36
70 42 36
71 42 36
72 42 35
73 42 33
74 42 32
75 41 32
76 41 31
77 41 31
78 41 31
79 41 31
80 41 31
81 41 31
82 41 31
83 41 31
84 41 31
85 41 31
86 41 31
87 41 31
88 40 31
89 40 31
90 40 31
91 40 31
92 39 31
93 39 30
94 39 29
95 39 28
96 39 28
97 39 28
98 39 28
99 39 28
