0 768 116
1 753 99
2 723 87
3 718 78
4 712 68
5 696 57
6 684 51
7 673 41
8 638 35
9 625 29
10 611 21
11 584 19
12 567 16
13 540 15
14 455 15
15 230 13
16 143 13
17 119 13
18 110 13
19 102 10
20 98 8
21 92 8
22 85 7
23 81 7
24 70 5
25 66 3
26 59 2
27 51 2
28 46 2
29 42 2
30 41 2
31 38 2
32 38 2
33 37 2
34 32 2
35 30 2
36 23 2
37 22 2
38 20 2
39 19 2
40 19 2
41 15 2
42 14 2
43 13 2
44 13 2
45 9 2
46 8 2
47 7 2
48 7 2
49 6 2
50 6 2
51 5 2
52 5 2
53 5 2
54 4 2
55 4 2
56 4 2
57 3 2
58 3 2
59 2 2
60 2 2
61 2 2
62 2 2
63 2 2
64 2 2
65 2 2
66 2 2
67 2 2
68 2 2
69 2 2
70 2 2
71 2 2
72 2 2
73 2 2
74 2 2
75 2 2
76 2 2
77 2 2
78 2 2
79 2 2
80 2 2
81 2 2
82 2 2
83 2 2
84 2 2
85 2 2
86 2 2
87 2 2
88 1 2
89 1 2
90 1 2
91 1 2
92 1 2
93 1 2
94 1 2
95 1 2
96 1 2
97 1 2
98 1 2
99 1 2
