0 809 169
1 794 154
2 764 143
3 759 134
4 753 124
5 737 113
6 725 107
7 715 97
8 681 91
9 668 85
10 654 78
11 629 76
12 611 73
13 583 72
14 497 72
15 268 70
16 179 70
17 153 70
18 144 70
19 136 67
20 132 65
21 125 65
22 118 64
23 114 64
24 102 62
25 98 60
26 91 59
27 83 59
28 78 59
29 73 59
30 72 58
31 69 58
32 69 58
33 67 58
34 62 58
35 60 58
36 53 58
37 51 58
38 49 58
39 48 58
40 48 58
41 44 57
42 43 57
43 42 57
44 42 57
45 38 57
46 37 57
47 35 57
48 35 57
49 34 57
50 33 57
51 32 57
52 32 57
53 32 57
54 30 57
55 30 57
56 30 55
57 29 55
58 29 55
59 28 55
60 28 55
61 28 55
62 28 55
63 28 55
64 28 55
65 28 54
66 28 54
67 28 54
68 28 54
69 28 54
70 28 54
71 28 53
72 28 52
73 28 50
74 28 49
75 27 49
76 27 48
77 27 48
78 27 48
79 27 48
80 27 48
81 27 48
82 27 48
83 27 48
84 27 48
85 27 48
86 27 48
87 27 48
88 26 48
89 26 48
90 26 48
91 26 48
92 25 48
93 25 47
94 25 46
95 25 45
96 25 45
97 25 45
98 25 45
99 25 45
