0 813 31
1 798 22
2 768 18
3 763 16
4 757 14
5 741 7
6 729 6
7 719 6
8 685 5
9 672 4
10 659 2
11 635 1
12 617 1
13 589 1
14 504 1
15 279 1
16 191 1
17 165 1
18 156 1
19 148 1
20 144 1
21 138 1
22 131 1
23 127 1
24 115 0
25 111 0
26 104 0
27 96 0
28 91 0
29 86 0
30 86 0
31 83 0
32 83 0
33 81 0
34 76 0
35 74 0
36 67 0
37 65 0
38 63 0
39 62 0
40 62 0
41 58 0
42 57 0
43 56 0
44 56 0
45 52 0
46 51 0
47 49 0
48 49 0
49 48 0
50 47 0
51 46 0
52 46 0
53 46 0
54 44 0
55 44 0
56 44 0
57 43 0
58 43 0
59 42 0
60 42 0
61 42 0
62 42 0
63 42 0
64 42 0
65 42 0
66 42 0
67 42 0
68 42 0
69 42 0
70 42 0
71 42 0
72 42 0
73 42 0
74 42 0
75 41 0
76 41 0
77 41 0
78 41 0
79 41 0
80 41 0
81 41 0
82 41 0
83 41 0
84 41 0
85 41 0
86 41 0
87 41 0
88 40 0
89 40 0
90 40 0
91 40 0
92 39 0
93 39 0
94 39 0
95 39 0
96 39 0
97 39 0
98 39 0
99 39 0
