0 802 169
1 787 154
2 756 143
3 751 134
4 745 124
5 729 113
6 717 107
7 707 97
8 673 91
9 660 85
10 646 78
11 618 76
12 599 73
13 571 72
14 481 72
15 249 70
16 158 70
17 132 70
18 123 70
19 115 67
20 111 65
21 104 65
22 97 64
23 93 64
24 81 62
25 77 60
26 70 59
27 62 59
28 57 59
29 52 59
30 51 58
31 48 58
32 48 58
33 46 58
34 41 58
35 39 58
36 32 58
37 30 58
38 28 58
39 27 58
40 27 58
41 23 57
42 22 57
43 21 57
44 21 57
45 17 57
46 16 57
47 14 57
48 14 57
49 13 57
50 13 57
51 12 57
52 12 57
53 12 57
54 10 57
55 10 57
56 10 55
57 9 55
58 9 55
59 8 55
60 8 55
61 8 55
62 8 55
63 8 55
64 8 55
65 8 54
66 8 54
67 8 54
68 8 54
69 8 54
70 8 54
71 8 53
72 8 52
73 8 50
74 8 49
75 7 49
76 7 48
77 7 48
78 7 48
79 7 48
80 7 48
81 7 48
82 7 48
83 7 48
84 7 48
85 7 48
86 7 48
87 7 48
88 6 48
89 6 48
90 6 48
91 6 48
92 5 48
93 5 47
94 5 46
95 5 45
96 5 45
97 5 45
98 5 45
99 5 45
