0 813 129
1 798 113
2 768 101
3 763 92
4 757 82
5 741 71
6 729 65
7 719 55
8 685 49
9 672 43
10 659 35
11 635 33
12 617 30
13 589 29
14 504 29
15 279 26
16 191 26
17 165 26
18 156 26
19 148 23
20 144 21
21 138 21
22 131 20
23 127 20
24 115 18
25 111 16
26 104 15
27 96 15
28 91 15
29 86 15
30 86 14
31 83 14
32 83 14
33 81 14
34 76 14
35 74 14
36 67 14
37 65 14
38 63 14
39 62 14
40 62 14
41 58 13
42 57 13
43 56 13
44 56 13
45 52 13
46 51 13
47 49 13
48 49 13
49 48 13
50 47 13
51 46 13
52 46 13
53 46 13
54 44 13
55 44 13
56 44 11
57 43 11
58 43 11
59 42 11
60 42 11
61 42 11
62 42 11
63 42 11
64 42 11
65 42 10
66 42 10
67 42 10
68 42 10
69 42 10
70 42 10
71 42 10
72 42 9
73 42 7
74 42 6
75 41 6
76 41 5
77 41 5
78 41 5
79 41 5
80 41 5
81 41 5
82 41 5
83 41 5
84 41 5
85 41 5
86 41 5
87 41 5
88 40 5
89 40 5
90 40 5
91 40 5
92 39 5
93 39 5
94 39 4
95 39 3
96 39 3
97 39 3
98 39 3
99 39 3
