0 799 169
1 784 154
2 753 143
3 748 134
4 742 124
5 726 113
6 714 107
7 703 97
8 669 91
9 656 85
10 642 78
11 614 76
12 595 73
13 567 72
14 477 72
15 246 70
16 155 70
17 129 70
18 120 70
19 112 67
20 108 65
21 101 65
22 94 64
23 90 64
24 78 62
25 74 60
26 67 59
27 59 59
28 54 59
29 49 59
30 48 58
31 45 58
32 45 58
33 43 58
34 38 58
35 36 58
36 29 58
37 27 58
38 25 58
39 24 58
40 24 58
41 20 57
42 19 57
43 18 57
44 18 57
45 14 57
46 13 57
47 11 57
48 11 57
49 10 57
50 10 57
51 9 57
52 9 57
53 9 57
54 7 57
55 7 57
56 7 55
57 6 55
58 6 55
59 5 55
60 5 55
61 5 55
62 5 55
63 5 55
64 5 55
65 5 54
66 5 54
67 5 54
68 5 54
69 5 54
70 5 54
71 5 53
72 5 52
73 5 50
74 5 49
75 4 49
76 4 48
77 4 48
78 4 48
79 4 48
80 4 48
81 4 48
82 4 48
83 4 48
84 4 48
85 4 48
86 4 48
87 4 48
88 3 48
89 3 48
90 3 48
91 3 48
92 2 48
93 2 47
94 2 46
95 2 45
96 2 45
97 2 45
98 2 45
99 2 45
