0 813 133
1 798 117
2 768 105
3 763 96
4 757 86
5 741 75
6 729 69
7 719 59
8 685 53
9 672 47
10 659 39
11 635 37
12 617 34
13 589 33
14 504 33
15 279 30
16 191 30
17 165 30
18 156 30
19 148 27
20 144 25
21 138 25
22 131 24
23 127 24
24 115 22
25 111 20
26 104 19
27 96 19
28 91 19
29 86 19
30 86 18
31 83 18
32 83 18
33 81 18
34 76 18
35 74 18
36 67 18
37 65 18
38 63 18
39 62 18
40 62 18
41 58 17
42 57 17
43 56 17
44 56 17
45 52 17
46 51 17
47 49 17
48 49 17
49 48 17
50 47 17
51 46 17
52 46 17
53 46 17
54 44 17
55 44 17
56 44 15
57 43 15
58 43 15
59 42 15
60 42 15
61 42 15
62 42 15
63 42 15
64 42 15
65 42 14
66 42 14
67 42 14
68 42 14
69 42 14
70 42 14
71 42 14
72 42 13
73 42 11
74 42 10
75 41 10
76 41 9
77 41 9
78 41 9
79 41 9
80 41 9
81 41 9
82 41 9
83 41 9
84 41 9
85 41 9
86 41 9
87 41 9
88 40 9
89 40 9
90 40 9
91 40 9
92 39 9
93 39 8
94 39 8
95 39 7
96 39 7
97 39 7
98 39 7
99 39 7
