0 92 169
1 86 154
2 77 143
3 73 134
4 73 124
5 70 113
6 70 107
7 69 97
8 63 91
9 62 85
10 58 78
11 52 76
12 49 73
13 47 72
14 40 72
15 18 70
16 10 70
17 10 70
18 10 70
19 9 67
20 9 65
21 9 65
22 9 64
23 9 64
24 8 62
25 8 60
26 7 59
27 6 59
28 6 59
29 6 59
30 6 58
31 6 58
32 6 58
33 5 58
34 5 58
35 5 58
36 3 58
37 3 58
38 3 58
39 3 58
40 3 58
41 2 57
42 2 57
43 2 57
44 2 57
45 1 57
46 1 57
47 1 57
48 1 57
49 1 57
50 1 57
51 0 57
52 0 57
53 0 57
54 0 57
55 0 57
56 0 55
57 0 55
58 0 55
59 0 55
60 0 55
61 0 55
62 0 55
63 0 55
64 0 55
65 0 54
66 0 54
67 0 54
68 0 54
69 0 54
70 0 54
71 0 53
72 0 52
73 0 50
74 0 49
75 0 49
76 0 48
77 0 48
78 0 48
79 0 48
80 0 48
81 0 48
82 0 48
83 0 48
84 0 48
85 0 48
86 0 48
87 0 48
88 0 48
89 0 48
90 0 48
91 0 48
92 0 48
93 0 47
94 0 46
95 0 45
96 0 45
97 0 45
98 0 45
99 0 45
