0 744 169
1 730 154
2 701 143
3 696 134
4 690 124
5 675 113
6 663 107
7 652 97
8 619 91
9 606 85
10 592 78
11 565 76
12 548 73
13 521 72
14 437 72
15 220 70
16 136 70
17 113 70
18 104 70
19 96 67
20 92 65
21 86 65
22 79 64
23 75 64
24 64 62
25 60 60
26 53 59
27 45 59
28 40 59
29 36 59
30 35 58
31 32 58
32 32 58
33 31 58
34 28 58
35 26 58
36 19 58
37 18 58
38 16 58
39 16 58
40 16 58
41 13 57
42 12 57
43 11 57
44 11 57
45 7 57
46 6 57
47 6 57
48 6 57
49 5 57
50 5 57
51 4 57
52 4 57
53 4 57
54 3 57
55 3 57
56 3 55
57 3 55
58 3 55
59 2 55
60 2 55
61 2 55
62 2 55
63 2 55
64 2 55
65 2 54
66 2 54
67 2 54
68 2 54
69 2 54
70 2 54
71 2 53
72 2 52
73 2 50
74 2 49
75 2 49
76 2 48
77 2 48
78 2 48
79 2 48
80 2 48
81 2 48
82 2 48
83 2 48
84 2 48
85 2 48
86 2 48
87 2 48
88 1 48
89 1 48
90 1 48
91 1 48
92 1 48
93 1 47
94 1 46
95 1 45
96 1 45
97 1 45
98 1 45
99 1 45
