0 813 127
1 798 111
2 768 99
3 763 90
4 757 80
5 741 69
6 729 63
7 719 53
8 685 47
9 672 41
10 659 33
11 635 31
12 617 28
13 589 27
14 504 27
15 279 24
16 191 24
17 165 24
18 156 24
19 148 21
20 144 19
21 138 19
22 131 18
23 127 18
24 115 16
25 111 14
26 104 13
27 96 13
28 91 13
29 86 13
30 86 12
31 83 12
32 83 12
33 81 12
34 76 12
35 74 12
36 67 12
37 65 12
38 63 12
39 62 12
40 62 12
41 58 11
42 57 11
43 56 11
44 56 11
45 52 11
46 51 11
47 49 11
48 49 11
49 48 11
50 47 11
51 46 11
52 46 11
53 46 11
54 44 10
55 44 10
56 44 8
57 43 8
58 43 8
59 42 8
60 42 8
61 42 8
62 42 8
63 42 8
64 42 8
65 42 7
66 42 7
67 42 7
68 42 7
69 42 7
70 42 7
71 42 7
72 42 6
73 42 4
74 42 4
75 41 4
76 41 3
77 41 3
78 41 3
79 41 3
80 41 3
81 41 3
82 41 3
83 41 3
84 41 3
85 41 3
86 41 3
87 41 3
88 40 3
89 40 3
90 40 3
91 40 3
92 39 3
93 39 3
94 39 3
95 39 2
96 39 2
97 39 2
98 39 2
99 39 2
