0 803 169
1 788 154
2 757 143
3 752 134
4 746 124
5 730 113
6 718 107
7 708 97
8 674 91
9 661 85
10 647 78
11 619 76
12 600 73
13 572 72
14 483 72
15 252 70
16 162 70
17 136 70
18 127 70
19 119 67
20 115 65
21 108 65
22 101 64
23 97 64
24 85 62
25 81 60
26 74 59
27 66 59
28 61 59
29 56 59
30 55 58
31 52 58
32 52 58
33 50 58
34 45 58
35 43 58
36 36 58
37 34 58
38 32 58
39 31 58
40 31 58
41 27 57
42 26 57
43 25 57
44 25 57
45 21 57
46 20 57
47 18 57
48 18 57
49 17 57
50 16 57
51 15 57
52 15 57
53 15 57
54 13 57
55 13 57
56 13 55
57 12 55
58 12 55
59 11 55
60 11 55
61 11 55
62 11 55
63 11 55
64 11 55
65 11 54
66 11 54
67 11 54
68 11 54
69 11 54
70 11 54
71 11 53
72 11 52
73 11 50
74 11 49
75 10 49
76 10 48
77 10 48
78 10 48
79 10 48
80 10 48
81 10 48
82 10 48
83 10 48
84 10 48
85 10 48
86 10 48
87 10 48
88 9 48
89 9 48
90 9 48
91 9 48
92 8 48
93 8 47
94 8 46
95 8 45
96 8 45
97 8 45
98 8 45
99 8 45
