0 423 169
1 409 154
2 391 143
3 387 134
4 383 124
5 373 113
6 368 107
7 361 97
8 342 91
9 335 85
10 327 78
11 308 76
12 299 73
13 282 72
14 233 72
15 110 70
16 67 70
17 49 70
18 45 70
19 41 67
20 38 65
21 36 65
22 34 64
23 32 64
24 27 62
25 25 60
26 21 59
27 17 59
28 15 59
29 15 59
30 14 58
31 13 58
32 13 58
33 12 58
34 12 58
35 11 58
36 7 58
37 7 58
38 7 58
39 7 58
40 7 58
41 6 57
42 6 57
43 6 57
44 6 57
45 3 57
46 3 57
47 3 57
48 3 57
49 2 57
50 2 57
51 1 57
52 1 57
53 1 57
54 1 57
55 1 57
56 1 55
57 1 55
58 1 55
59 1 55
60 1 55
61 1 55
62 1 55
63 1 55
64 1 55
65 1 54
66 1 54
67 1 54
68 1 54
69 1 54
70 1 54
71 1 53
72 1 52
73 1 50
74 1 49
75 1 49
76 1 48
77 1 48
78 1 48
79 1 48
80 1 48
81 1 48
82 1 48
83 1 48
84 1 48
85 1 48
86 1 48
87 1 48
88 1 48
89 1 48
90 1 48
91 1 48
92 1 48
93 1 47
94 1 46
95 1 45
96 1 45
97 1 45
98 1 45
99 1 45
