0 813 131
1 798 115
2 768 103
3 763 94
4 757 84
5 741 73
6 729 67
7 719 57
8 685 51
9 672 45
10 659 37
11 635 35
12 617 32
13 589 31
14 504 31
15 279 28
16 191 28
17 165 28
18 156 28
19 148 25
20 144 23
21 138 23
22 131 22
23 127 22
24 115 20
25 111 18
26 104 17
27 96 17
28 91 17
29 86 17
30 86 16
31 83 16
32 83 16
33 81 16
34 76 16
35 74 16
36 67 16
37 65 16
38 63 16
39 62 16
40 62 16
41 58 15
42 57 15
43 56 15
44 56 15
45 52 15
46 51 15
47 49 15
48 49 15
49 48 15
50 47 15
51 46 15
52 46 15
53 46 15
54 44 15
55 44 15
56 44 13
57 43 13
58 43 13
59 42 13
60 42 13
61 42 13
62 42 13
63 42 13
64 42 13
65 42 12
66 42 12
67 42 12
68 42 12
69 42 12
70 42 12
71 42 12
72 42 11
73 42 9
74 42 8
75 41 8
76 41 7
77 41 7
78 41 7
79 41 7
80 41 7
81 41 7
82 41 7
83 41 7
84 41 7
85 41 7
86 41 7
87 41 7
88 40 7
89 40 7
90 40 7
91 40 7
92 39 7
93 39 6
94 39 6
95 39 5
96 39 5
97 39 5
98 39 5
99 39 5
