0 804 150
1 789 134
2 758 123
3 753 114
4 747 104
5 731 93
6 719 87
7 709 77
8 675 71
9 662 65
10 648 58
11 624 56
12 606 53
13 578 52
14 493 52
15 269 50
16 182 50
17 157 50
18 148 50
19 140 48
20 136 46
21 130 46
22 123 45
23 119 45
24 107 43
25 103 41
26 96 40
27 88 40
28 83 40
29 78 40
30 77 40
31 74 40
32 74 40
33 72 40
34 67 40
35 65 40
36 58 40
37 56 40
38 54 40
39 53 40
40 53 40
41 49 40
42 48 40
43 47 40
44 47 40
45 43 40
46 42 40
47 40 40
48 40 40
49 39 40
50 38 40
51 37 40
52 37 40
53 37 40
54 35 40
55 35 40
56 35 38
57 34 38
58 34 38
59 33 38
60 33 38
61 33 38
62 33 38
63 33 38
64 33 38
65 33 38
66 33 38
67 33 38
68 33 38
69 33 38
70 33 38
71 33 38
72 33 37
73 33 35
74 33 34
75 32 34
76 32 34
77 32 34
78 32 34
79 32 34
80 32 34
81 32 34
82 32 34
83 32 34
84 32 34
85 32 34
86 32 34
87 32 34
88 31 34
89 31 34
90 31 34
91 31 34
92 30 34
93 30 33
94 30 33
95 30 33
96 30 33
97 30 33
98 30 33
99 30 33
