0 358 169
1 344 154
2 330 143
3 326 134
4 322 124
5 311 113
6 307 107
7 302 97
8 285 91
9 281 85
10 273 78
11 255 76
12 247 73
13 235 72
14 195 72
15 91 70
16 55 70
17 39 70
18 35 70
19 31 67
20 28 65
21 27 65
22 25 64
23 24 64
24 19 62
25 19 60
26 16 59
27 14 59
28 12 59
29 12 59
30 11 58
31 10 58
32 10 58
33 9 58
34 9 58
35 9 58
36 5 58
37 5 58
38 5 58
39 5 58
40 5 58
41 4 57
42 4 57
43 4 57
44 4 57
45 3 57
46 3 57
47 3 57
48 3 57
49 2 57
50 2 57
51 1 57
52 1 57
53 1 57
54 1 57
55 1 57
56 1 55
57 1 55
58 1 55
59 1 55
60 1 55
61 1 55
62 1 55
63 1 55
64 1 55
65 1 54
66 1 54
67 1 54
68 1 54
69 1 54
70 1 54
71 1 53
72 1 52
73 1 50
74 1 49
75 1 49
76 1 48
77 1 48
78 1 48
79 1 48
80 1 48
81 1 48
82 1 48
83 1 48
84 1 48
85 1 48
86 1 48
87 1 48
88 1 48
89 1 48
90 1 48
91 1 48
92 1 48
93 1 47
94 1 46
95 1 45
96 1 45
97 1 45
98 1 45
99 1 45
