0 766 114
1 751 97
2 721 85
3 716 76
4 710 66
5 694 55
6 682 50
7 671 40
8 636 34
9 623 28
10 609 20
11 582 18
12 565 15
13 539 14
14 455 14
15 230 12
16 143 12
17 119 12
18 110 12
19 102 9
20 98 7
21 92 7
22 85 6
23 81 6
24 70 4
25 66 2
26 59 1
27 51 1
28 46 1
29 42 1
30 41 1
31 38 1
32 38 1
33 37 1
34 32 1
35 30 1
36 23 1
37 22 1
38 20 1
39 19 1
40 19 1
41 15 1
42 14 1
43 13 1
44 13 1
45 9 1
46 8 1
47 7 1
48 7 1
49 6 1
50 6 1
51 5 1
52 5 1
53 5 1
54 4 1
55 4 1
56 4 1
57 3 1
58 3 1
59 2 1
60 2 1
61 2 1
62 2 1
63 2 1
64 2 1
65 2 1
66 2 1
67 2 1
68 2 1
69 2 1
70 2 1
71 2 1
72 2 1
73 2 1
74 2 1
75 2 1
76 2 1
77 2 1
78 2 1
79 2 1
80 2 1
81 2 1
82 2 1
83 2 1
84 2 1
85 2 1
86 2 1
87 2 1
88 1 1
89 1 1
90 1 1
91 1 1
92 1 1
93 1 1
94 1 1
95 1 1
96 1 1
97 1 1
98 1 1
99 1 1
