0 813 165
1 798 149
2 768 138
3 763 129
4 757 119
5 741 108
6 729 102
7 719 92
8 685 86
9 672 80
10 659 73
11 635 71
12 617 68
13 589 67
14 504 67
15 279 65
16 191 65
17 165 65
18 156 65
19 148 62
20 144 60
21 138 60
22 131 59
23 127 59
24 115 57
25 111 55
26 104 54
27 96 54
28 91 54
29 86 54
30 86 53
31 83 53
32 83 53
33 81 53
34 76 53
35 74 53
36 67 53
37 65 53
38 63 53
39 62 53
40 62 53
41 58 52
42 57 52
43 56 52
44 56 52
45 52 52
46 51 52
47 49 52
48 49 52
49 48 52
50 47 52
51 46 52
52 46 52
53 46 52
54 44 52
55 44 52
56 44 50
57 43 50
58 43 50
59 42 50
60 42 50
61 42 50
62 42 50
63 42 50
64 42 50
65 42 49
66 42 49
67 42 49
68 42 49
69 42 49
70 42 49
71 42 48
72 42 47
73 42 45
74 42 44
75 41 44
76 41 43
77 41 43
78 41 43
79 41 43
80 41 43
81 41 43
82 41 43
83 41 43
84 41 43
85 41 43
86 41 43
87 41 43
88 40 43
89 40 43
90 40 43
91 40 43
92 39 43
93 39 42
94 39 41
95 39 40
96 39 40
97 39 40
98 39 40
99 39 40
