0 813 159
1 798 143
2 768 132
3 763 123
4 757 113
5 741 102
6 729 96
7 719 86
8 685 80
9 672 74
10 659 67
11 635 65
12 617 62
13 589 61
14 504 61
15 279 58
16 191 58
17 165 58
18 156 58
19 148 55
20 144 53
21 138 53
22 131 52
23 127 52
24 115 50
25 111 48
26 104 47
27 96 47
28 91 47
29 86 47
30 86 46
31 83 46
32 83 46
33 81 46
34 76 46
35 74 46
36 67 46
37 65 46
38 63 46
39 62 46
40 62 46
41 58 45
42 57 45
43 56 45
44 56 45
45 52 45
46 51 45
47 49 45
48 49 45
49 48 45
50 47 45
51 46 45
52 46 45
53 46 45
54 44 45
55 44 45
56 44 43
57 43 43
58 43 43
59 42 43
60 42 43
61 42 43
62 42 43
63 42 43
64 42 43
65 42 42
66 42 42
67 42 42
68 42 42
69 42 42
70 42 42
71 42 41
72 42 40
73 42 38
74 42 37
75 41 37
76 41 36
77 41 36
78 41 36
79 41 36
80 41 36
81 41 36
82 41 36
83 41 36
84 41 36
85 41 36
86 41 36
87 41 36
88 40 36
89 40 36
90 40 36
91 40 36
92 39 36
93 39 35
94 39 34
95 39 33
96 39 33
97 39 33
98 39 33
99 39 33
