0 808 169
1 793 154
2 763 143
3 758 134
4 752 124
5 736 113
6 724 107
7 714 97
8 680 91
9 667 85
10 653 78
11 627 76
12 609 73
13 581 72
14 493 72
15 264 70
16 175 70
17 149 70
18 140 70
19 132 67
20 128 65
21 121 65
22 114 64
23 110 64
24 98 62
25 94 60
26 87 59
27 79 59
28 74 59
29 69 59
30 68 58
31 65 58
32 65 58
33 63 58
34 58 58
35 56 58
36 49 58
37 47 58
38 45 58
39 44 58
40 44 58
41 40 57
42 39 57
43 38 57
44 38 57
45 34 57
46 33 57
47 31 57
48 31 57
49 30 57
50 29 57
51 28 57
52 28 57
53 28 57
54 26 57
55 26 57
56 26 55
57 25 55
58 25 55
59 24 55
60 24 55
61 24 55
62 24 55
63 24 55
64 24 55
65 24 54
66 24 54
67 24 54
68 24 54
69 24 54
70 24 54
71 24 53
72 24 52
73 24 50
74 24 49
75 23 49
76 23 48
77 23 48
78 23 48
79 23 48
80 23 48
81 23 48
82 23 48
83 23 48
84 23 48
85 23 48
86 23 48
87 23 48
88 22 48
89 22 48
90 22 48
91 22 48
92 21 48
93 21 47
94 21 46
95 21 45
96 21 45
97 21 45
98 21 45
99 21 45
