0 801 169
1 786 154
2 755 143
3 750 134
4 744 124
5 728 113
6 716 107
7 706 97
8 672 91
9 659 85
10 645 78
11 617 76
12 598 73
13 570 72
14 480 72
15 248 70
16 157 70
17 131 70
18 122 70
19 114 67
20 110 65
21 103 65
22 96 64
23 92 64
24 80 62
25 76 60
26 69 59
27 61 59
28 56 59
29 51 59
30 50 58
31 47 58
32 47 58
33 45 58
34 40 58
35 38 58
36 31 58
37 29 58
38 27 58
39 26 58
40 26 58
41 22 57
42 21 57
43 20 57
44 20 57
45 16 57
46 15 57
47 13 57
48 13 57
49 12 57
50 12 57
51 11 57
52 11 57
53 11 57
54 9 57
55 9 57
56 9 55
57 8 55
58 8 55
59 7 55
60 7 55
61 7 55
62 7 55
63 7 55
64 7 55
65 7 54
66 7 54
67 7 54
68 7 54
69 7 54
70 7 54
71 7 53
72 7 52
73 7 50
74 7 49
75 6 49
76 6 48
77 6 48
78 6 48
79 6 48
80 6 48
81 6 48
82 6 48
83 6 48
84 6 48
85 6 48
86 6 48
87 6 48
88 5 48
89 5 48
90 5 48
91 5 48
92 4 48
93 4 47
94 4 46
95 4 45
96 4 45
97 4 45
98 4 45
99 4 45
