0 813 46
1 798 36
2 768 30
3 763 26
4 757 23
5 741 16
6 729 13
7 719 11
8 685 9
9 672 8
10 659 5
11 635 4
12 617 3
13 589 3
14 504 3
15 279 3
16 191 3
17 165 3
18 156 3
19 148 3
20 144 3
21 138 3
22 131 3
23 127 3
24 115 2
25 111 1
26 104 1
27 96 1
28 91 1
29 86 1
30 86 1
31 83 1
32 83 1
33 81 1
34 76 1
35 74 1
36 67 1
37 65 1
38 63 1
39 62 1
40 62 1
41 58 1
42 57 1
43 56 1
44 56 1
45 52 1
46 51 1
47 49 1
48 49 1
49 48 1
50 47 1
51 46 1
52 46 1
53 46 1
54 44 1
55 44 1
56 44 1
57 43 1
58 43 1
59 42 1
60 42 1
61 42 1
62 42 1
63 42 1
64 42 1
65 42 1
66 42 1
67 42 1
68 42 1
69 42 1
70 42 1
71 42 1
72 42 1
73 42 1
74 42 1
75 41 1
76 41 1
77 41 1
78 41 1
79 41 1
80 41 1
81 41 1
82 41 1
83 41 1
84 41 1
85 41 1
86 41 1
87 41 1
88 40 1
89 40 1
90 40 1
91 40 1
92 39 1
93 39 1
94 39 1
95 39 1
96 39 1
97 39 1
98 39 1
99 39 1
