0 774 116
1 759 99
2 729 87
3 724 78
4 718 68
5 702 57
6 690 51
7 679 41
8 644 35
9 631 29
10 617 21
11 591 19
12 574 16
13 547 15
14 461 15
15 231 13
16 144 13
17 120 13
18 111 13
19 103 11
20 99 9
21 93 9
22 86 8
23 82 8
24 71 6
25 67 4
26 60 3
27 52 3
28 47 3
29 43 3
30 42 3
31 39 3
32 39 3
33 38 3
34 33 3
35 31 3
36 24 3
37 23 3
38 21 3
39 20 3
40 20 3
41 16 3
42 15 3
43 14 3
44 14 3
45 10 3
46 9 3
47 8 3
48 8 3
49 7 3
50 7 3
51 6 3
52 6 3
53 6 3
54 5 3
55 5 3
56 5 3
57 4 3
58 4 3
59 3 3
60 3 3
61 3 3
62 3 3
63 3 3
64 3 3
65 3 3
66 3 3
67 3 3
68 3 3
69 3 3
70 3 3
71 3 3
72 3 3
73 3 3
74 3 3
75 3 3
76 3 3
77 3 3
78 3 3
79 3 3
80 3 3
81 3 3
82 3 3
83 3 3
84 3 3
85 3 3
86 3 3
87 3 3
88 2 3
89 2 3
90 2 3
91 2 3
92 2 3
93 2 3
94 2 3
95 2 3
96 2 3
97 2 3
98 2 3
99 2 3
