0 556 169
1 543 154
2 521 143
3 517 134
4 513 124
5 501 113
6 492 107
7 484 97
8 459 91
9 451 85
10 441 78
11 418 76
12 404 73
13 383 72
14 313 72
15 152 70
16 93 70
17 72 70
18 66 70
19 60 67
20 56 65
21 51 65
22 49 64
23 47 64
24 41 62
25 39 60
26 34 59
27 27 59
28 22 59
29 22 59
30 21 58
31 19 58
32 19 58
33 18 58
34 18 58
35 16 58
36 12 58
37 11 58
38 11 58
39 11 58
40 11 58
41 10 57
42 10 57
43 10 57
44 10 57
45 6 57
46 6 57
47 6 57
48 6 57
49 5 57
50 5 57
51 4 57
52 4 57
53 4 57
54 3 57
55 3 57
56 3 55
57 3 55
58 3 55
59 2 55
60 2 55
61 2 55
62 2 55
63 2 55
64 2 55
65 2 54
66 2 54
67 2 54
68 2 54
69 2 54
70 2 54
71 2 53
72 2 52
73 2 50
74 2 49
75 2 49
76 2 48
77 2 48
78 2 48
79 2 48
80 2 48
81 2 48
82 2 48
83 2 48
84 2 48
85 2 48
86 2 48
87 2 48
88 1 48
89 1 48
90 1 48
91 1 48
92 1 48
93 1 47
94 1 46
95 1 45
96 1 45
97 1 45
98 1 45
99 1 45
