0 806 169
1 791 154
2 761 143
3 756 134
4 750 124
5 734 113
6 722 107
7 712 97
8 678 91
9 665 85
10 651 78
11 623 76
12 604 73
13 576 72
14 487 72
15 257 70
16 168 70
17 142 70
18 133 70
19 125 67
20 121 65
21 114 65
22 107 64
23 103 64
24 91 62
25 87 60
26 80 59
27 72 59
28 67 59
29 62 59
30 61 58
31 58 58
32 58 58
33 56 58
34 51 58
35 49 58
36 42 58
37 40 58
38 38 58
39 37 58
40 37 58
41 33 57
42 32 57
43 31 57
44 31 57
45 27 57
46 26 57
47 24 57
48 24 57
49 23 57
50 22 57
51 21 57
52 21 57
53 21 57
54 19 57
55 19 57
56 19 55
57 18 55
58 18 55
59 17 55
60 17 55
61 17 55
62 17 55
63 17 55
64 17 55
65 17 54
66 17 54
67 17 54
68 17 54
69 17 54
70 17 54
71 17 53
72 17 52
73 17 50
74 17 49
75 16 49
76 16 48
77 16 48
78 16 48
79 16 48
80 16 48
81 16 48
82 16 48
83 16 48
84 16 48
85 16 48
86 16 48
87 16 48
88 15 48
89 15 48
90 15 48
91 15 48
92 14 48
93 14 47
94 14 46
95 14 45
96 14 45
97 14 45
98 14 45
99 14 45
