0 724 169
1 711 154
2 682 143
3 677 134
4 671 124
5 656 113
6 644 107
7 633 97
8 600 91
9 587 85
10 574 78
11 547 76
12 530 73
13 504 72
14 421 72
15 215 70
16 133 70
17 110 70
18 102 70
19 94 67
20 90 65
21 84 65
22 77 64
23 73 64
24 62 62
25 58 60
26 51 59
27 43 59
28 38 59
29 35 59
30 34 58
31 31 58
32 31 58
33 30 58
34 28 58
35 26 58
36 19 58
37 18 58
38 16 58
39 16 58
40 16 58
41 13 57
42 12 57
43 11 57
44 11 57
45 7 57
46 6 57
47 6 57
48 6 57
49 5 57
50 5 57
51 4 57
52 4 57
53 4 57
54 3 57
55 3 57
56 3 55
57 3 55
58 3 55
59 2 55
60 2 55
61 2 55
62 2 55
63 2 55
64 2 55
65 2 54
66 2 54
67 2 54
68 2 54
69 2 54
70 2 54
71 2 53
72 2 52
73 2 50
74 2 49
75 2 49
76 2 48
77 2 48
78 2 48
79 2 48
80 2 48
81 2 48
82 2 48
83 2 48
84 2 48
85 2 48
86 2 48
87 2 48
88 1 48
89 1 48
90 1 48
91 1 48
92 1 48
93 1 47
94 1 46
95 1 45
96 1 45
97 1 45
98 1 45
99 1 45
