0 813 156
1 798 140
2 768 129
3 763 120
4 757 110
5 741 99
6 729 93
7 719 83
8 685 77
9 672 71
10 659 64
11 635 62
12 617 59
13 589 58
14 504 58
15 279 55
16 191 55
17 165 55
18 156 55
19 148 52
20 144 50
21 138 50
22 131 49
23 127 49
24 115 47
25 111 45
26 104 44
27 96 44
28 91 44
29 86 44
30 86 43
31 83 43
32 83 43
33 81 43
34 76 43
35 74 43
36 67 43
37 65 43
38 63 43
39 62 43
40 62 43
41 58 42
42 57 42
43 56 42
44 56 42
45 52 42
46 51 42
47 49 42
48 49 42
49 48 42
50 47 42
51 46 42
52 46 42
53 46 42
54 44 42
55 44 42
56 44 40
57 43 40
58 43 40
59 42 40
60 42 40
61 42 40
62 42 40
63 42 40
64 42 40
65 42 39
66 42 39
67 42 39
68 42 39
69 42 39
70 42 39
71 42 39
72 42 38
73 42 36
74 42 35
75 41 35
76 41 34
77 41 34
78 41 34
79 41 34
80 41 34
81 41 34
82 41 34
83 41 34
84 41 34
85 41 34
86 41 34
87 41 34
88 40 34
89 40 34
90 40 34
91 40 34
92 39 34
93 39 33
94 39 32
95 39 31
96 39 31
97 39 31
98 39 31
99 39 31
