0 808 169
1 793 154
2 763 143
3 758 134
4 752 124
5 736 113
6 724 107
7 714 97
8 680 91
9 667 85
10 653 78
11 628 76
12 610 73
13 582 72
14 495 72
15 266 70
16 177 70
17 151 70
18 142 70
19 134 67
20 130 65
21 123 65
22 116 64
23 112 64
24 100 62
25 96 60
26 89 59
27 81 59
28 76 59
29 71 59
30 70 58
31 67 58
32 67 58
33 65 58
34 60 58
35 58 58
36 51 58
37 49 58
38 47 58
39 46 58
40 46 58
41 42 57
42 41 57
43 40 57
44 40 57
45 36 57
46 35 57
47 33 57
48 33 57
49 32 57
50 31 57
51 30 57
52 30 57
53 30 57
54 28 57
55 28 57
56 28 55
57 27 55
58 27 55
59 26 55
60 26 55
61 26 55
62 26 55
63 26 55
64 26 55
65 26 54
66 26 54
67 26 54
68 26 54
69 26 54
70 26 54
71 26 53
72 26 52
73 26 50
74 26 49
75 25 49
76 25 48
77 25 48
78 25 48
79 25 48
80 25 48
81 25 48
82 25 48
83 25 48
84 25 48
85 25 48
86 25 48
87 25 48
88 24 48
89 24 48
90 24 48
91 24 48
92 23 48
93 23 47
94 23 46
95 23 45
96 23 45
97 23 45
98 23 45
99 23 45
