0 756 169
1 741 154
2 711 143
3 706 134
4 700 124
5 685 113
6 673 107
7 662 97
8 628 91
9 615 85
10 601 78
11 574 76
12 557 73
13 531 72
14 447 72
15 224 70
16 139 70
17 115 70
18 106 70
19 98 67
20 94 65
21 88 65
22 81 64
23 77 64
24 66 62
25 62 60
26 55 59
27 47 59
28 42 59
29 38 59
30 37 58
31 34 58
32 34 58
33 33 58
34 30 58
35 28 58
36 21 58
37 20 58
38 18 58
39 17 58
40 17 58
41 14 57
42 13 57
43 12 57
44 12 57
45 8 57
46 7 57
47 7 57
48 7 57
49 6 57
50 6 57
51 5 57
52 5 57
53 5 57
54 4 57
55 4 57
56 4 55
57 3 55
58 3 55
59 2 55
60 2 55
61 2 55
62 2 55
63 2 55
64 2 55
65 2 54
66 2 54
67 2 54
68 2 54
69 2 54
70 2 54
71 2 53
72 2 52
73 2 50
74 2 49
75 2 49
76 2 48
77 2 48
78 2 48
79 2 48
80 2 48
81 2 48
82 2 48
83 2 48
84 2 48
85 2 48
86 2 48
87 2 48
88 1 48
89 1 48
90 1 48
91 1 48
92 1 48
93 1 47
94 1 46
95 1 45
96 1 45
97 1 45
98 1 45
99 1 45
