0 809 169
1 794 154
2 764 143
3 759 134
4 753 124
5 737 113
6 725 107
7 715 97
8 681 91
9 668 85
10 654 78
11 629 76
12 611 73
13 583 72
14 497 72
15 270 70
16 181 70
17 155 70
18 146 70
19 138 67
20 134 65
21 127 65
22 120 64
23 116 64
24 104 62
25 100 60
26 93 59
27 85 59
28 80 59
29 75 59
30 74 58
31 71 58
32 71 58
33 69 58
34 64 58
35 62 58
36 55 58
37 53 58
38 51 58
39 50 58
40 50 58
41 46 57
42 45 57
43 44 57
44 44 57
45 40 57
46 39 57
47 37 57
48 37 57
49 36 57
50 35 57
51 34 57
52 34 57
53 34 57
54 32 57
55 32 57
56 32 55
57 31 55
58 31 55
59 30 55
60 30 55
61 30 55
62 30 55
63 30 55
64 30 55
65 30 54
66 30 54
67 30 54
68 30 54
69 30 54
70 30 54
71 30 53
72 30 52
73 30 50
74 30 49
75 29 49
76 29 48
77 29 48
78 29 48
79 29 48
80 29 48
81 29 48
82 29 48
83 29 48
84 29 48
85 29 48
86 29 48
87 29 48
88 28 48
89 28 48
90 28 48
91 28 48
92 27 48
93 27 47
94 27 46
95 27 45
96 27 45
97 27 45
98 27 45
99 27 45
