0 639 169
1 626 154
2 601 143
3 596 134
4 590 124
5 578 113
6 566 107
7 556 97
8 525 91
9 515 85
10 505 78
11 480 76
12 466 73
13 446 72
14 367 72
15 187 70
16 117 70
17 95 70
18 87 70
19 80 67
20 76 65
21 70 65
22 65 64
23 62 64
24 52 62
25 48 60
26 41 59
27 33 59
28 28 59
29 27 59
30 26 58
31 23 58
32 23 58
33 22 58
34 22 58
35 20 58
36 14 58
37 13 58
38 13 58
39 13 58
40 13 58
41 11 57
42 11 57
43 11 57
44 11 57
45 7 57
46 6 57
47 6 57
48 6 57
49 5 57
50 5 57
51 4 57
52 4 57
53 4 57
54 3 57
55 3 57
56 3 55
57 3 55
58 3 55
59 2 55
60 2 55
61 2 55
62 2 55
63 2 55
64 2 55
65 2 54
66 2 54
67 2 54
68 2 54
69 2 54
70 2 54
71 2 53
72 2 52
73 2 50
74 2 49
75 2 49
76 2 48
77 2 48
78 2 48
79 2 48
80 2 48
81 2 48
82 2 48
83 2 48
84 2 48
85 2 48
86 2 48
87 2 48
88 1 48
89 1 48
90 1 48
91 1 48
92 1 48
93 1 47
94 1 46
95 1 45
96 1 45
97 1 45
98 1 45
99 1 45
