0 211 169
1 200 154
2 190 143
3 186 134
4 186 124
5 181 113
6 177 107
7 175 97
8 163 91
9 159 85
10 154 78
11 142 76
12 136 73
13 128 72
14 100 72
15 51 70
16 31 70
17 23 70
18 21 70
19 20 67
20 19 65
21 18 65
22 17 64
23 17 64
24 14 62
25 14 60
26 11 59
27 10 59
28 8 59
29 8 59
30 7 58
31 6 58
32 6 58
33 6 58
34 6 58
35 6 58
36 2 58
37 2 58
38 2 58
39 2 58
40 2 58
41 1 57
42 1 57
43 1 57
44 1 57
45 1 57
46 1 57
47 1 57
48 1 57
49 1 57
50 1 57
51 0 57
52 0 57
53 0 57
54 0 57
55 0 57
56 0 55
57 0 55
58 0 55
59 0 55
60 0 55
61 0 55
62 0 55
63 0 55
64 0 55
65 0 54
66 0 54
67 0 54
68 0 54
69 0 54
70 0 54
71 0 53
72 0 52
73 0 50
74 0 49
75 0 49
76 0 48
77 0 48
78 0 48
79 0 48
80 0 48
81 0 48
82 0 48
83 0 48
84 0 48
85 0 48
86 0 48
87 0 48
88 0 48
89 0 48
90 0 48
91 0 48
92 0 48
93 0 47
94 0 46
95 0 45
96 0 45
97 0 45
98 0 45
99 0 45
