0 813 157
1 798 141
2 768 130
3 763 121
4 757 111
5 741 100
6 729 94
7 719 84
8 685 78
9 672 72
10 659 65
11 635 63
12 617 60
13 589 59
14 504 59
15 279 56
16 191 56
17 165 56
18 156 56
19 148 53
20 144 51
21 138 51
22 131 50
23 127 50
24 115 48
25 111 46
26 104 45
27 96 45
28 91 45
29 86 45
30 86 44
31 83 44
32 83 44
33 81 44
34 76 44
35 74 44
36 67 44
37 65 44
38 63 44
39 62 44
40 62 44
41 58 43
42 57 43
43 56 43
44 56 43
45 52 43
46 51 43
47 49 43
48 49 43
49 48 43
50 47 43
51 46 43
52 46 43
53 46 43
54 44 43
55 44 43
56 44 41
57 43 41
58 43 41
59 42 41
60 42 41
61 42 41
62 42 41
63 42 41
64 42 41
65 42 40
66 42 40
67 42 40
68 42 40
69 42 40
70 42 40
71 42 40
72 42 39
73 42 37
74 42 36
75 41 36
76 41 35
77 41 35
78 41 35
79 41 35
80 41 35
81 41 35
82 41 35
83 41 35
84 41 35
85 41 35
86 41 35
87 41 35
88 40 35
89 40 35
90 40 35
91 40 35
92 39 35
93 39 34
94 39 33
95 39 32
96 39 32
97 39 32
98 39 32
99 39 32
