0 813 120
1 798 103
2 768 91
3 763 82
4 757 72
5 741 61
6 729 55
7 719 45
8 685 39
9 672 33
10 659 25
11 635 23
12 617 20
13 589 19
14 504 19
15 279 17
16 191 17
17 165 17
18 156 17
19 148 13
20 144 11
21 138 11
22 131 10
23 127 10
24 115 8
25 111 6
26 104 5
27 96 5
28 91 5
29 86 5
30 86 4
31 83 4
32 83 4
33 81 4
34 76 4
35 74 4
36 67 4
37 65 4
38 63 4
39 62 4
40 62 4
41 58 3
42 57 3
43 56 3
44 56 3
45 52 3
46 51 3
47 49 3
48 49 3
49 48 3
50 47 3
51 46 3
52 46 3
53 46 3
54 44 3
55 44 3
56 44 1
57 43 1
58 43 1
59 42 1
60 42 1
61 42 1
62 42 1
63 42 1
64 42 1
65 42 1
66 42 1
67 42 1
68 42 1
69 42 1
70 42 1
71 42 1
72 42 1
73 42 1
74 42 1
75 41 1
76 41 1
77 41 1
78 41 1
79 41 1
80 41 1
81 41 1
82 41 1
83 41 1
84 41 1
85 41 1
86 41 1
87 41 1
88 40 1
89 40 1
90 40 1
91 40 1
92 39 1
93 39 1
94 39 1
95 39 1
96 39 1
97 39 1
98 39 1
99 39 1
