0 305 169
1 292 154
2 279 143
3 275 134
4 272 124
5 262 113
6 258 107
7 255 97
8 239 91
9 235 85
10 228 78
11 213 76
12 206 73
13 195 72
14 159 72
15 73 70
16 43 70
17 33 70
18 29 70
19 25 67
20 24 65
21 23 65
22 22 64
23 21 64
24 18 62
25 18 60
26 15 59
27 13 59
28 11 59
29 11 59
30 10 58
31 9 58
32 9 58
33 8 58
34 8 58
35 8 58
36 4 58
37 4 58
38 4 58
39 4 58
40 4 58
41 3 57
42 3 57
43 3 57
44 3 57
45 3 57
46 3 57
47 3 57
48 3 57
49 2 57
50 2 57
51 1 57
52 1 57
53 1 57
54 1 57
55 1 57
56 1 55
57 1 55
58 1 55
59 1 55
60 1 55
61 1 55
62 1 55
63 1 55
64 1 55
65 1 54
66 1 54
67 1 54
68 1 54
69 1 54
70 1 54
71 1 53
72 1 52
73 1 50
74 1 49
75 1 49
76 1 48
77 1 48
78 1 48
79 1 48
80 1 48
81 1 48
82 1 48
83 1 48
84 1 48
85 1 48
86 1 48
87 1 48
88 1 48
89 1 48
90 1 48
91 1 48
92 1 48
93 1 47
94 1 46
95 1 45
96 1 45
97 1 45
98 1 45
99 1 45
