0 801 131
1 786 114
2 755 103
3 750 94
4 744 84
5 728 73
6 716 67
7 706 57
8 672 51
9 659 45
10 645 38
11 620 36
12 601 33
13 573 32
14 486 32
15 259 30
16 172 30
17 147 30
18 138 30
19 130 28
20 126 26
21 120 26
22 113 25
23 109 25
24 97 23
25 93 21
26 86 20
27 78 20
28 73 20
29 68 20
30 67 20
31 64 20
32 64 20
33 62 20
34 57 20
35 55 20
36 48 20
37 46 20
38 44 20
39 43 20
40 43 20
41 39 20
42 38 20
43 37 20
44 37 20
45 33 20
46 32 20
47 30 20
48 30 20
49 29 20
50 28 20
51 27 20
52 27 20
53 27 20
54 25 20
55 25 20
56 25 18
57 24 18
58 23 18
59 22 18
60 22 18
61 22 18
62 22 18
63 22 18
64 22 18
65 22 18
66 22 18
67 22 18
68 22 18
69 22 18
70 22 18
71 22 18
72 22 18
73 22 17
74 22 16
75 21 16
76 21 16
77 21 16
78 21 16
79 21 16
80 21 16
81 21 16
82 21 16
83 21 15
84 21 15
85 21 15
86 21 15
87 21 15
88 20 15
89 20 15
90 20 15
91 20 15
92 19 15
93 19 14
94 19 14
95 19 14
96 19 14
97 19 14
98 19 14
99 19 14
