0 813 101
1 798 85
2 768 74
3 763 66
4 757 57
5 741 47
6 729 42
7 719 33
8 685 28
9 672 25
10 659 19
11 635 17
12 617 14
13 589 13
14 504 13
15 279 11
16 191 11
17 165 11
18 156 11
19 148 8
20 144 6
21 138 6
22 131 5
23 127 5
24 115 3
25 111 2
26 104 1
27 96 1
28 91 1
29 86 1
30 86 1
31 83 1
32 83 1
33 81 1
34 76 1
35 74 1
36 67 1
37 65 1
38 63 1
39 62 1
40 62 1
41 58 1
42 57 1
43 56 1
44 56 1
45 52 1
46 51 1
47 49 1
48 49 1
49 48 1
50 47 1
51 46 1
52 46 1
53 46 1
54 44 1
55 44 1
56 44 1
57 43 1
58 43 1
59 42 1
60 42 1
61 42 1
62 42 1
63 42 1
64 42 1
65 42 1
66 42 1
67 42 1
68 42 1
69 42 1
70 42 1
71 42 1
72 42 1
73 42 1
74 42 1
75 41 1
76 41 1
77 41 1
78 41 1
79 41 1
80 41 1
81 41 1
82 41 1
83 41 1
84 41 1
85 41 1
86 41 1
87 41 1
88 40 1
89 40 1
90 40 1
91 40 1
92 39 1
93 39 1
94 39 1
95 39 1
96 39 1
97 39 1
98 39 1
99 39 1
