0 813 117
1 798 100
2 768 88
3 763 79
4 757 69
5 741 58
6 729 52
7 719 42
8 685 36
9 672 30
10 659 22
11 635 20
12 617 17
13 589 16
14 504 16
15 279 14
16 191 14
17 165 14
18 156 14
19 148 10
20 144 8
21 138 8
22 131 7
23 127 7
24 115 5
25 111 3
26 104 2
27 96 2
28 91 2
29 86 2
30 86 1
31 83 1
32 83 1
33 81 1
34 76 1
35 74 1
36 67 1
37 65 1
38 63 1
39 62 1
40 62 1
41 58 1
42 57 1
43 56 1
44 56 1
45 52 1
46 51 1
47 49 1
48 49 1
49 48 1
50 47 1
51 46 1
52 46 1
53 46 1
54 44 1
55 44 1
56 44 1
57 43 1
58 43 1
59 42 1
60 42 1
61 42 1
62 42 1
63 42 1
64 42 1
65 42 1
66 42 1
67 42 1
68 42 1
69 42 1
70 42 1
71 42 1
72 42 1
73 42 1
74 42 1
75 41 1
76 41 1
77 41 1
78 41 1
79 41 1
80 41 1
81 41 1
82 41 1
83 41 1
84 41 1
85 41 1
86 41 1
87 41 1
88 40 1
89 40 1
90 40 1
91 40 1
92 39 1
93 39 1
94 39 1
95 39 1
96 39 1
97 39 1
98 39 1
99 39 1
