0 802 169
1 787 154
2 756 143
3 751 134
4 745 124
5 729 113
6 717 107
7 707 97
8 673 91
9 660 85
10 646 78
11 618 76
12 599 73
13 571 72
14 481 72
15 249 70
16 159 70
17 133 70
18 124 70
19 116 67
20 112 65
21 105 65
22 98 64
23 94 64
24 82 62
25 78 60
26 71 59
27 63 59
28 58 59
29 53 59
30 52 58
31 49 58
32 49 58
33 47 58
34 42 58
35 40 58
36 33 58
37 31 58
38 29 58
39 28 58
40 28 58
41 24 57
42 23 57
43 22 57
44 22 57
45 18 57
46 17 57
47 15 57
48 15 57
49 14 57
50 14 57
51 13 57
52 13 57
53 13 57
54 11 57
55 11 57
56 11 55
57 10 55
58 10 55
59 9 55
60 9 55
61 9 55
62 9 55
63 9 55
64 9 55
65 9 54
66 9 54
67 9 54
68 9 54
69 9 54
70 9 54
71 9 53
72 9 52
73 9 50
74 9 49
75 8 49
76 8 48
77 8 48
78 8 48
79 8 48
80 8 48
81 8 48
82 8 48
83 8 48
84 8 48
85 8 48
86 8 48
87 8 48
88 7 48
89 7 48
90 7 48
91 7 48
92 6 48
93 6 47
94 6 46
95 6 45
96 6 45
97 6 45
98 6 45
99 6 45
