0 813 143
1 798 127
2 768 115
3 763 106
4 757 96
5 741 85
6 729 79
7 719 69
8 685 63
9 672 57
10 659 49
11 635 47
12 617 44
13 589 43
14 504 43
15 279 40
16 191 40
17 165 40
18 156 40
19 148 37
20 144 35
21 138 35
22 131 34
23 127 34
24 115 32
25 111 30
26 104 29
27 96 29
28 91 29
29 86 29
30 86 28
31 83 28
32 83 28
33 81 28
34 76 28
35 74 28
36 67 28
37 65 28
38 63 28
39 62 28
40 62 28
41 58 27
42 57 27
43 56 27
44 56 27
45 52 27
46 51 27
47 49 27
48 49 27
49 48 27
50 47 27
51 46 27
52 46 27
53 46 27
54 44 27
55 44 27
56 44 25
57 43 25
58 43 25
59 42 25
60 42 25
61 42 25
62 42 25
63 42 25
64 42 25
65 42 24
66 42 24
67 42 24
68 42 24
69 42 24
70 42 24
71 42 24
72 42 23
73 42 21
74 42 20
75 41 20
76 41 19
77 41 19
78 41 19
79 41 19
80 41 19
81 41 19
82 41 19
83 41 19
84 41 19
85 41 19
86 41 19
87 41 19
88 40 19
89 40 19
90 40 19
91 40 19
92 39 19
93 39 18
94 39 17
95 39 16
96 39 16
97 39 16
98 39 16
99 39 16
