0 810 169
1 795 154
2 765 143
3 760 134
4 754 124
5 738 113
6 726 107
7 716 97
8 682 91
9 669 85
10 655 78
11 631 76
12 613 73
13 585 72
14 499 72
15 274 70
16 186 70
17 160 70
18 151 70
19 143 67
20 139 65
21 133 65
22 126 64
23 122 64
24 110 62
25 106 60
26 99 59
27 91 59
28 86 59
29 81 59
30 80 58
31 77 58
32 77 58
33 75 58
34 70 58
35 68 58
36 61 58
37 59 58
38 57 58
39 56 58
40 56 58
41 52 57
42 51 57
43 50 57
44 50 57
45 46 57
46 45 57
47 43 57
48 43 57
49 42 57
50 41 57
51 40 57
52 40 57
53 40 57
54 38 57
55 38 57
56 38 55
57 37 55
58 37 55
59 36 55
60 36 55
61 36 55
62 36 55
63 36 55
64 36 55
65 36 54
66 36 54
67 36 54
68 36 54
69 36 54
70 36 54
71 36 53
72 36 52
73 36 50
74 36 49
75 35 49
76 35 48
77 35 48
78 35 48
79 35 48
80 35 48
81 35 48
82 35 48
83 35 48
84 35 48
85 35 48
86 35 48
87 35 48
88 34 48
89 34 48
90 34 48
91 34 48
92 33 48
93 33 47
94 33 46
95 33 45
96 33 45
97 33 45
98 33 45
99 33 45
