0 229 169
1 218 154
2 207 143
3 203 134
4 203 124
5 197 113
6 193 107
7 191 97
8 180 91
9 176 85
10 171 78
11 159 76
12 152 73
13 142 72
14 111 72
15 57 70
16 37 70
17 29 70
18 27 70
19 25 67
20 24 65
21 23 65
22 22 64
23 22 64
24 19 62
25 19 60
26 15 59
27 13 59
28 11 59
29 11 59
30 10 58
31 9 58
32 9 58
33 8 58
34 8 58
35 7 58
36 3 58
37 3 58
38 3 58
39 3 58
40 3 58
41 2 57
42 2 57
43 2 57
44 2 57
45 1 57
46 1 57
47 1 57
48 1 57
49 1 57
50 1 57
51 0 57
52 0 57
53 0 57
54 0 57
55 0 57
56 0 55
57 0 55
58 0 55
59 0 55
60 0 55
61 0 55
62 0 55
63 0 55
64 0 55
65 0 54
66 0 54
67 0 54
68 0 54
69 0 54
70 0 54
71 0 53
72 0 52
73 0 50
74 0 49
75 0 49
76 0 48
77 0 48
78 0 48
79 0 48
80 0 48
81 0 48
82 0 48
83 0 48
84 0 48
85 0 48
86 0 48
87 0 48
88 0 48
89 0 48
90 0 48
91 0 48
92 0 48
93 0 47
94 0 46
95 0 45
96 0 45
97 0 45
98 0 45
99 0 45
