0 782 118
1 767 101
2 736 90
3 731 81
4 725 71
5 709 60
6 697 54
7 686 44
8 652 38
9 639 32
10 625 24
11 598 22
12 580 19
13 552 18
14 465 18
15 235 16
16 148 16
17 123 16
18 114 16
19 106 14
20 102 12
21 96 12
22 89 11
23 85 11
24 73 9
25 69 7
26 62 6
27 54 6
28 49 6
29 45 6
30 44 6
31 41 6
32 41 6
33 40 6
34 35 6
35 33 6
36 26 6
37 25 6
38 23 6
39 22 6
40 22 6
41 18 6
42 17 6
43 16 6
44 16 6
45 12 6
46 11 6
47 10 6
48 10 6
49 9 6
50 9 6
51 8 6
52 8 6
53 8 6
54 7 6
55 7 6
56 7 5
57 6 5
58 6 5
59 5 5
60 5 5
61 5 5
62 5 5
63 5 5
64 5 5
65 5 5
66 5 5
67 5 5
68 5 5
69 5 5
70 5 5
71 5 5
72 5 5
73 5 5
74 5 5
75 5 5
76 5 5
77 5 5
78 5 5
79 5 5
80 5 5
81 5 5
82 5 5
83 5 5
84 5 5
85 5 5
86 5 5
87 5 5
88 4 5
89 4 5
90 4 5
91 4 5
92 3 5
93 3 5
94 3 5
95 3 5
96 3 5
97 3 5
98 3 5
99 3 5
