0 785 169
1 770 154
2 739 143
3 734 134
4 728 124
5 712 113
6 700 107
7 689 97
8 655 91
9 642 85
10 628 78
11 601 76
12 582 73
13 555 72
14 468 72
15 239 70
16 149 70
17 123 70
18 114 70
19 106 67
20 102 65
21 95 65
22 88 64
23 84 64
24 73 62
25 69 60
26 62 59
27 54 59
28 49 59
29 44 59
30 43 58
31 40 58
32 40 58
33 38 58
34 33 58
35 31 58
36 24 58
37 23 58
38 21 58
39 20 58
40 20 58
41 16 57
42 15 57
43 14 57
44 14 57
45 10 57
46 9 57
47 8 57
48 8 57
49 7 57
50 7 57
51 6 57
52 6 57
53 6 57
54 5 57
55 5 57
56 5 55
57 4 55
58 4 55
59 3 55
60 3 55
61 3 55
62 3 55
63 3 55
64 3 55
65 3 54
66 3 54
67 3 54
68 3 54
69 3 54
70 3 54
71 3 53
72 3 52
73 3 50
74 3 49
75 3 49
76 3 48
77 3 48
78 3 48
79 3 48
80 3 48
81 3 48
82 3 48
83 3 48
84 3 48
85 3 48
86 3 48
87 3 48
88 2 48
89 2 48
90 2 48
91 2 48
92 2 48
93 2 47
94 2 46
95 2 45
96 2 45
97 2 45
98 2 45
99 2 45
