0 768 169
1 753 154
2 723 143
3 718 134
4 712 124
5 696 113
6 684 107
7 673 97
8 638 91
9 625 85
10 611 78
11 584 76
12 567 73
13 540 72
14 455 72
15 230 70
16 143 70
17 119 70
18 110 70
19 102 67
20 98 65
21 92 65
22 85 64
23 81 64
24 70 62
25 66 60
26 59 59
27 51 59
28 46 59
29 42 59
30 41 58
31 38 58
32 38 58
33 37 58
34 32 58
35 30 58
36 23 58
37 22 58
38 20 58
39 19 58
40 19 58
41 15 57
42 14 57
43 13 57
44 13 57
45 9 57
46 8 57
47 7 57
48 7 57
49 6 57
50 6 57
51 5 57
52 5 57
53 5 57
54 4 57
55 4 57
56 4 55
57 3 55
58 3 55
59 2 55
60 2 55
61 2 55
62 2 55
63 2 55
64 2 55
65 2 54
66 2 54
67 2 54
68 2 54
69 2 54
70 2 54
71 2 53
72 2 52
73 2 50
74 2 49
75 2 49
76 2 48
77 2 48
78 2 48
79 2 48
80 2 48
81 2 48
82 2 48
83 2 48
84 2 48
85 2 48
86 2 48
87 2 48
88 1 48
89 1 48
90 1 48
91 1 48
92 1 48
93 1 47
94 1 46
95 1 45
96 1 45
97 1 45
98 1 45
99 1 45
