0 551 169
1 538 154
2 516 143
3 512 134
4 508 124
5 496 113
6 487 107
7 479 97
8 454 91
9 446 85
10 436 78
11 413 76
12 399 73
13 380 72
14 311 72
15 151 70
16 92 70
17 71 70
18 65 70
19 59 67
20 55 65
21 50 65
22 48 64
23 46 64
24 40 62
25 38 60
26 33 59
27 26 59
28 21 59
29 21 59
30 20 58
31 18 58
32 18 58
33 17 58
34 17 58
35 16 58
36 12 58
37 11 58
38 11 58
39 11 58
40 11 58
41 10 57
42 10 57
43 10 57
44 10 57
45 6 57
46 6 57
47 6 57
48 6 57
49 5 57
50 5 57
51 4 57
52 4 57
53 4 57
54 3 57
55 3 57
56 3 55
57 3 55
58 3 55
59 2 55
60 2 55
61 2 55
62 2 55
63 2 55
64 2 55
65 2 54
66 2 54
67 2 54
68 2 54
69 2 54
70 2 54
71 2 53
72 2 52
73 2 50
74 2 49
75 2 49
76 2 48
77 2 48
78 2 48
79 2 48
80 2 48
81 2 48
82 2 48
83 2 48
84 2 48
85 2 48
86 2 48
87 2 48
88 1 48
89 1 48
90 1 48
91 1 48
92 1 48
93 1 47
94 1 46
95 1 45
96 1 45
97 1 45
98 1 45
99 1 45
