0 806 169
1 791 154
2 761 143
3 756 134
4 750 124
5 734 113
6 722 107
7 712 97
8 678 91
9 665 85
10 651 78
11 623 76
12 604 73
13 576 72
14 487 72
15 256 70
16 166 70
17 140 70
18 131 70
19 123 67
20 119 65
21 112 65
22 105 64
23 101 64
24 89 62
25 85 60
26 78 59
27 70 59
28 65 59
29 60 59
30 59 58
31 56 58
32 56 58
33 54 58
34 49 58
35 47 58
36 40 58
37 38 58
38 36 58
39 35 58
40 35 58
41 31 57
42 30 57
43 29 57
44 29 57
45 25 57
46 24 57
47 22 57
48 22 57
49 21 57
50 20 57
51 19 57
52 19 57
53 19 57
54 17 57
55 17 57
56 17 55
57 16 55
58 16 55
59 15 55
60 15 55
61 15 55
62 15 55
63 15 55
64 15 55
65 15 54
66 15 54
67 15 54
68 15 54
69 15 54
70 15 54
71 15 53
72 15 52
73 15 50
74 15 49
75 14 49
76 14 48
77 14 48
78 14 48
79 14 48
80 14 48
81 14 48
82 14 48
83 14 48
84 14 48
85 14 48
86 14 48
87 14 48
88 13 48
89 13 48
90 13 48
91 13 48
92 12 48
93 12 47
94 12 46
95 12 45
96 12 45
97 12 45
98 12 45
99 12 45
