0 813 137
1 798 121
2 768 109
3 763 100
4 757 90
5 741 79
6 729 73
7 719 63
8 685 57
9 672 51
10 659 43
11 635 41
12 617 38
13 589 37
14 504 37
15 279 34
16 191 34
17 165 34
18 156 34
19 148 31
20 144 29
21 138 29
22 131 28
23 127 28
24 115 26
25 111 24
26 104 23
27 96 23
28 91 23
29 86 23
30 86 22
31 83 22
32 83 22
33 81 22
34 76 22
35 74 22
36 67 22
37 65 22
38 63 22
39 62 22
40 62 22
41 58 21
42 57 21
43 56 21
44 56 21
45 52 21
46 51 21
47 49 21
48 49 21
49 48 21
50 47 21
51 46 21
52 46 21
53 46 21
54 44 21
55 44 21
56 44 19
57 43 19
58 43 19
59 42 19
60 42 19
61 42 19
62 42 19
63 42 19
64 42 19
65 42 18
66 42 18
67 42 18
68 42 18
69 42 18
70 42 18
71 42 18
72 42 17
73 42 15
74 42 14
75 41 14
76 41 13
77 41 13
78 41 13
79 41 13
80 41 13
81 41 13
82 41 13
83 41 13
84 41 13
85 41 13
86 41 13
87 41 13
88 40 13
89 40 13
90 40 13
91 40 13
92 39 13
93 39 12
94 39 11
95 39 10
96 39 10
97 39 10
98 39 10
99 39 10
