0 487 169
1 474 154
2 455 143
3 451 134
4 447 124
5 437 113
6 430 107
7 421 97
8 398 91
9 390 85
10 381 78
11 361 76
12 347 73
13 332 72
14 273 72
15 128 70
16 79 70
17 60 70
18 55 70
19 50 67
20 47 65
21 42 65
22 40 64
23 38 64
24 32 62
25 30 60
26 25 59
27 18 59
28 16 59
29 16 59
30 15 58
31 14 58
32 14 58
33 13 58
34 13 58
35 13 58
36 9 58
37 9 58
38 9 58
39 9 58
40 9 58
41 8 57
42 8 57
43 8 57
44 8 57
45 4 57
46 4 57
47 4 57
48 4 57
49 3 57
50 3 57
51 2 57
52 2 57
53 2 57
54 2 57
55 2 57
56 2 55
57 2 55
58 2 55
59 1 55
60 1 55
61 1 55
62 1 55
63 1 55
64 1 55
65 1 54
66 1 54
67 1 54
68 1 54
69 1 54
70 1 54
71 1 53
72 1 52
73 1 50
74 1 49
75 1 49
76 1 48
77 1 48
78 1 48
79 1 48
80 1 48
81 1 48
82 1 48
83 1 48
84 1 48
85 1 48
86 1 48
87 1 48
88 1 48
89 1 48
90 1 48
91 1 48
92 1 48
93 1 47
94 1 46
95 1 45
96 1 45
97 1 45
98 1 45
99 1 45
