0 813 124
1 798 107
2 768 95
3 763 86
4 757 76
5 741 65
6 729 59
7 719 49
8 685 43
9 672 37
10 659 29
11 635 27
12 617 24
13 589 23
14 504 23
15 279 20
16 191 20
17 165 20
18 156 20
19 148 16
20 144 14
21 138 14
22 131 13
23 127 13
24 115 11
25 111 9
26 104 8
27 96 8
28 91 8
29 86 8
30 86 7
31 83 7
32 83 7
33 81 7
34 76 7
35 74 7
36 67 7
37 65 7
38 63 7
39 62 7
40 62 7
41 58 6
42 57 6
43 56 6
44 56 6
45 52 6
46 51 6
47 49 6
48 49 6
49 48 6
50 47 6
51 46 6
52 46 6
53 46 6
54 44 6
55 44 6
56 44 4
57 43 4
58 43 4
59 42 4
60 42 4
61 42 4
62 42 4
63 42 4
64 42 4
65 42 4
66 42 4
67 42 4
68 42 4
69 42 4
70 42 4
71 42 4
72 42 3
73 42 2
74 42 2
75 41 2
76 41 2
77 41 2
78 41 2
79 41 2
80 41 2
81 41 2
82 41 2
83 41 2
84 41 2
85 41 2
86 41 2
87 41 2
88 40 2
89 40 2
90 40 2
91 40 2
92 39 2
93 39 2
94 39 2
95 39 2
96 39 2
97 39 2
98 39 2
99 39 2
