0 413 169
1 399 154
2 381 143
3 377 134
4 373 124
5 363 113
6 358 107
7 351 97
8 332 91
9 325 85
10 317 78
11 298 76
12 289 73
13 274 72
14 228 72
15 107 70
16 64 70
17 46 70
18 42 70
19 38 67
20 35 65
21 33 65
22 31 64
23 29 64
24 24 62
25 22 60
26 19 59
27 16 59
28 14 59
29 14 59
30 13 58
31 12 58
32 12 58
33 11 58
34 11 58
35 11 58
36 7 58
37 7 58
38 7 58
39 7 58
40 7 58
41 6 57
42 6 57
43 6 57
44 6 57
45 3 57
46 3 57
47 3 57
48 3 57
49 2 57
50 2 57
51 1 57
52 1 57
53 1 57
54 1 57
55 1 57
56 1 55
57 1 55
58 1 55
59 1 55
60 1 55
61 1 55
62 1 55
63 1 55
64 1 55
65 1 54
66 1 54
67 1 54
68 1 54
69 1 54
70 1 54
71 1 53
72 1 52
73 1 50
74 1 49
75 1 49
76 1 48
77 1 48
78 1 48
79 1 48
80 1 48
81 1 48
82 1 48
83 1 48
84 1 48
85 1 48
86 1 48
87 1 48
88 1 48
89 1 48
90 1 48
91 1 48
92 1 48
93 1 47
94 1 46
95 1 45
96 1 45
97 1 45
98 1 45
99 1 45
