0 809 169
1 794 154
2 764 143
3 759 134
4 753 124
5 737 113
6 725 107
7 715 97
8 681 91
9 668 85
10 654 78
11 629 76
12 611 73
13 583 72
14 497 72
15 270 70
16 182 70
17 156 70
18 147 70
19 139 67
20 135 65
21 128 65
22 121 64
23 117 64
24 105 62
25 101 60
26 94 59
27 86 59
28 81 59
29 76 59
30 75 58
31 72 58
32 72 58
33 70 58
34 65 58
35 63 58
36 56 58
37 54 58
38 52 58
39 51 58
40 51 58
41 47 57
42 46 57
43 45 57
44 45 57
45 41 57
46 40 57
47 38 57
48 38 57
49 37 57
50 36 57
51 35 57
52 35 57
53 35 57
54 33 57
55 33 57
56 33 55
57 32 55
58 32 55
59 31 55
60 31 55
61 31 55
62 31 55
63 31 55
64 31 55
65 31 54
66 31 54
67 31 54
68 31 54
69 31 54
70 31 54
71 31 53
72 31 52
73 31 50
74 31 49
75 30 49
76 30 48
77 30 48
78 30 48
79 30 48
80 30 48
81 30 48
82 30 48
83 30 48
84 30 48
85 30 48
86 30 48
87 30 48
88 29 48
89 29 48
90 29 48
91 29 48
92 28 48
93 28 47
94 28 46
95 28 45
96 28 45
97 28 45
98 28 45
99 28 45
