0 803 169
1 788 154
2 757 143
3 752 134
4 746 124
5 730 113
6 718 107
7 708 97
8 674 91
9 661 85
10 647 78
11 619 76
12 600 73
13 572 72
14 483 72
15 251 70
16 161 70
17 135 70
18 126 70
19 118 67
20 114 65
21 107 65
22 100 64
23 96 64
24 84 62
25 80 60
26 73 59
27 65 59
28 60 59
29 55 59
30 54 58
31 51 58
32 51 58
33 49 58
34 44 58
35 42 58
36 35 58
37 33 58
38 31 58
39 30 58
40 30 58
41 26 57
42 25 57
43 24 57
44 24 57
45 20 57
46 19 57
47 17 57
48 17 57
49 16 57
50 15 57
51 14 57
52 14 57
53 14 57
54 12 57
55 12 57
56 12 55
57 11 55
58 11 55
59 10 55
60 10 55
61 10 55
62 10 55
63 10 55
64 10 55
65 10 54
66 10 54
67 10 54
68 10 54
69 10 54
70 10 54
71 10 53
72 10 52
73 10 50
74 10 49
75 9 49
76 9 48
77 9 48
78 9 48
79 9 48
80 9 48
81 9 48
82 9 48
83 9 48
84 9 48
85 9 48
86 9 48
87 9 48
88 8 48
89 8 48
90 8 48
91 8 48
92 7 48
93 7 47
94 7 46
95 7 45
96 7 45
97 7 45
98 7 45
99 7 45
