0 770 116
1 755 99
2 725 87
3 720 78
4 714 68
5 698 57
6 686 51
7 675 41
8 640 35
9 627 29
10 613 21
11 587 19
12 570 16
13 543 15
14 458 15
15 231 13
16 144 13
17 120 13
18 111 13
19 103 10
20 99 8
21 93 8
22 86 7
23 82 7
24 71 5
25 67 3
26 60 2
27 52 2
28 47 2
29 43 2
30 42 2
31 39 2
32 39 2
33 38 2
34 33 2
35 31 2
36 24 2
37 23 2
38 21 2
39 20 2
40 20 2
41 16 2
42 15 2
43 14 2
44 14 2
45 10 2
46 9 2
47 8 2
48 8 2
49 7 2
50 7 2
51 6 2
52 6 2
53 6 2
54 5 2
55 5 2
56 5 2
57 4 2
58 4 2
59 3 2
60 3 2
61 3 2
62 3 2
63 3 2
64 3 2
65 3 2
66 3 2
67 3 2
68 3 2
69 3 2
70 3 2
71 3 2
72 3 2
73 3 2
74 3 2
75 3 2
76 3 2
77 3 2
78 3 2
79 3 2
80 3 2
81 3 2
82 3 2
83 3 2
84 3 2
85 3 2
86 3 2
87 3 2
88 2 2
89 2 2
90 2 2
91 2 2
92 2 2
93 2 2
94 2 2
95 2 2
96 2 2
97 2 2
98 2 2
99 2 2
