0 603 169
1 590 154
2 567 143
3 562 134
4 556 124
5 544 113
6 534 107
7 525 97
8 498 91
9 490 85
10 480 78
11 455 76
12 441 73
13 420 72
14 344 72
15 171 70
16 108 70
17 86 70
18 79 70
19 72 67
20 68 65
21 62 65
22 58 64
23 56 64
24 47 62
25 44 60
26 37 59
27 29 59
28 24 59
29 24 59
30 23 58
31 20 58
32 20 58
33 19 58
34 19 58
35 17 58
36 12 58
37 11 58
38 11 58
39 11 58
40 11 58
41 10 57
42 10 57
43 10 57
44 10 57
45 6 57
46 6 57
47 6 57
48 6 57
49 5 57
50 5 57
51 4 57
52 4 57
53 4 57
54 3 57
55 3 57
56 3 55
57 3 55
58 3 55
59 2 55
60 2 55
61 2 55
62 2 55
63 2 55
64 2 55
65 2 54
66 2 54
67 2 54
68 2 54
69 2 54
70 2 54
71 2 53
72 2 52
73 2 50
74 2 49
75 2 49
76 2 48
77 2 48
78 2 48
79 2 48
80 2 48
81 2 48
82 2 48
83 2 48
84 2 48
85 2 48
86 2 48
87 2 48
88 1 48
89 1 48
90 1 48
91 1 48
92 1 48
93 1 47
94 1 46
95 1 45
96 1 45
97 1 45
98 1 45
99 1 45
