0 813 136
1 798 120
2 768 108
3 763 99
4 757 89
5 741 78
6 729 72
7 719 62
8 685 56
9 672 50
10 659 42
11 635 40
12 617 37
13 589 36
14 504 36
15 279 33
16 191 33
17 165 33
18 156 33
19 148 30
20 144 28
21 138 28
22 131 27
23 127 27
24 115 25
25 111 23
26 104 22
27 96 22
28 91 22
29 86 22
30 86 21
31 83 21
32 83 21
33 81 21
34 76 21
35 74 21
36 67 21
37 65 21
38 63 21
39 62 21
40 62 21
41 58 20
42 57 20
43 56 20
44 56 20
45 52 20
46 51 20
47 49 20
48 49 20
49 48 20
50 47 20
51 46 20
52 46 20
53 46 20
54 44 20
55 44 20
56 44 18
57 43 18
58 43 18
59 42 18
60 42 18
61 42 18
62 42 18
63 42 18
64 42 18
65 42 17
66 42 17
67 42 17
68 42 17
69 42 17
70 42 17
71 42 17
72 42 16
73 42 14
74 42 13
75 41 13
76 41 12
77 41 12
78 41 12
79 41 12
80 41 12
81 41 12
82 41 12
83 41 12
84 41 12
85 41 12
86 41 12
87 41 12
88 40 12
89 40 12
90 40 12
91 40 12
92 39 12
93 39 11
94 39 10
95 39 9
96 39 9
97 39 9
98 39 9
99 39 9
