0 813 169
1 798 154
2 768 143
3 763 134
4 757 124
5 741 113
6 729 107
7 719 97
8 685 91
9 672 85
10 659 78
11 635 76
12 617 73
13 589 72
14 504 72
15 279 70
16 191 70
17 165 70
18 156 70
19 148 67
20 144 65
21 138 65
22 131 64
23 127 64
24 115 62
25 111 60
26 104 59
27 96 59
28 91 59
29 86 59
30 86 58
31 83 58
32 83 58
33 81 58
34 76 58
35 74 58
36 67 58
37 65 58
38 63 58
39 62 58
40 62 58
41 58 57
42 57 57
43 56 57
44 56 57
45 52 57
46 51 57
47 49 57
48 49 57
49 48 57
50 47 57
51 46 57
52 46 57
53 46 57
54 44 57
55 44 57
56 44 55
57 43 55
58 43 55
59 42 55
60 42 55
61 42 55
62 42 55
63 42 55
64 42 55
65 42 54
66 42 54
67 42 54
68 42 54
69 42 54
70 42 54
71 42 53
72 42 52
73 42 50
74 42 49
75 41 49
76 41 48
77 41 48
78 41 48
79 41 48
80 41 48
81 41 48
82 41 48
83 41 48
84 41 48
85 41 48
86 41 48
87 41 48
88 40 48
89 40 48
90 40 48
91 40 48
92 39 48
93 39 47
94 39 46
95 39 45
96 39 45
97 39 45
98 39 45
99 39 45
