0 813 152
1 798 136
2 768 124
3 763 115
4 757 105
5 741 94
6 729 88
7 719 78
8 685 72
9 672 66
10 659 59
11 635 57
12 617 54
13 589 53
14 504 53
15 279 50
16 191 50
17 165 50
18 156 50
19 148 47
20 144 45
21 138 45
22 131 44
23 127 44
24 115 42
25 111 40
26 104 39
27 96 39
28 91 39
29 86 39
30 86 38
31 83 38
32 83 38
33 81 38
34 76 38
35 74 38
36 67 38
37 65 38
38 63 38
39 62 38
40 62 38
41 58 37
42 57 37
43 56 37
44 56 37
45 52 37
46 51 37
47 49 37
48 49 37
49 48 37
50 47 37
51 46 37
52 46 37
53 46 37
54 44 37
55 44 37
56 44 35
57 43 35
58 43 35
59 42 35
60 42 35
61 42 35
62 42 35
63 42 35
64 42 35
65 42 34
66 42 34
67 42 34
68 42 34
69 42 34
70 42 34
71 42 34
72 42 33
73 42 31
74 42 30
75 41 30
76 41 29
77 41 29
78 41 29
79 41 29
80 41 29
81 41 29
82 41 29
83 41 29
84 41 29
85 41 29
86 41 29
87 41 29
88 40 29
89 40 29
90 40 29
91 40 29
92 39 29
93 39 28
94 39 27
95 39 26
96 39 26
97 39 26
98 39 26
99 39 26
