0 672 169
1 659 154
2 632 143
3 627 134
4 621 124
5 608 113
6 596 107
7 586 97
8 554 91
9 544 85
10 533 78
11 506 76
12 491 73
13 469 72
14 390 72
15 196 70
16 123 70
17 101 70
18 93 70
19 85 67
20 81 65
21 75 65
22 69 64
23 66 64
24 56 62
25 52 60
26 45 59
27 37 59
28 32 59
29 30 59
30 29 58
31 26 58
32 26 58
33 25 58
34 24 58
35 22 58
36 16 58
37 15 58
38 14 58
39 14 58
40 14 58
41 12 57
42 11 57
43 11 57
44 11 57
45 7 57
46 6 57
47 6 57
48 6 57
49 5 57
50 5 57
51 4 57
52 4 57
53 4 57
54 3 57
55 3 57
56 3 55
57 3 55
58 3 55
59 2 55
60 2 55
61 2 55
62 2 55
63 2 55
64 2 55
65 2 54
66 2 54
67 2 54
68 2 54
69 2 54
70 2 54
71 2 53
72 2 52
73 2 50
74 2 49
75 2 49
76 2 48
77 2 48
78 2 48
79 2 48
80 2 48
81 2 48
82 2 48
83 2 48
84 2 48
85 2 48
86 2 48
87 2 48
88 1 48
89 1 48
90 1 48
91 1 48
92 1 48
93 1 47
94 1 46
95 1 45
96 1 45
97 1 45
98 1 45
99 1 45
