0 813 164
1 798 148
2 768 137
3 763 128
4 757 118
5 741 107
6 729 101
7 719 91
8 685 85
9 672 79
10 659 72
11 635 70
12 617 67
13 589 66
14 504 66
15 279 63
16 191 63
17 165 63
18 156 63
19 148 60
20 144 58
21 138 58
22 131 57
23 127 57
24 115 55
25 111 53
26 104 52
27 96 52
28 91 52
29 86 52
30 86 51
31 83 51
32 83 51
33 81 51
34 76 51
35 74 51
36 67 51
37 65 51
38 63 51
39 62 51
40 62 51
41 58 50
42 57 50
43 56 50
44 56 50
45 52 50
46 51 50
47 49 50
48 49 50
49 48 50
50 47 50
51 46 50
52 46 50
53 46 50
54 44 50
55 44 50
56 44 48
57 43 48
58 43 48
59 42 48
60 42 48
61 42 48
62 42 48
63 42 48
64 42 48
65 42 47
66 42 47
67 42 47
68 42 47
69 42 47
70 42 47
71 42 46
72 42 45
73 42 43
74 42 42
75 41 42
76 41 41
77 41 41
78 41 41
79 41 41
80 41 41
81 41 41
82 41 41
83 41 41
84 41 41
85 41 41
86 41 41
87 41 41
88 40 41
89 40 41
90 40 41
91 40 41
92 39 41
93 39 40
94 39 39
95 39 38
96 39 38
97 39 38
98 39 38
99 39 38
