0 809 169
1 794 154
2 764 143
3 759 134
4 753 124
5 737 113
6 725 107
7 715 97
8 681 91
9 668 85
10 654 78
11 630 76
12 612 73
13 584 72
14 498 72
15 272 70
16 184 70
17 158 70
18 149 70
19 141 67
20 137 65
21 131 65
22 124 64
23 120 64
24 108 62
25 104 60
26 97 59
27 89 59
28 84 59
29 79 59
30 78 58
31 75 58
32 75 58
33 73 58
34 68 58
35 66 58
36 59 58
37 57 58
38 55 58
39 54 58
40 54 58
41 50 57
42 49 57
43 48 57
44 48 57
45 44 57
46 43 57
47 41 57
48 41 57
49 40 57
50 39 57
51 38 57
52 38 57
53 38 57
54 36 57
55 36 57
56 36 55
57 35 55
58 35 55
59 34 55
60 34 55
61 34 55
62 34 55
63 34 55
64 34 55
65 34 54
66 34 54
67 34 54
68 34 54
69 34 54
70 34 54
71 34 53
72 34 52
73 34 50
74 34 49
75 33 49
76 33 48
77 33 48
78 33 48
79 33 48
80 33 48
81 33 48
82 33 48
83 33 48
84 33 48
85 33 48
86 33 48
87 33 48
88 32 48
89 32 48
90 32 48
91 32 48
92 31 48
93 31 47
94 31 46
95 31 45
96 31 45
97 31 45
98 31 45
99 31 45
