0 804 169
1 789 154
2 759 143
3 754 134
4 748 124
5 732 113
6 720 107
7 710 97
8 676 91
9 663 85
10 649 78
11 621 76
12 602 73
13 574 72
14 485 72
15 254 70
16 164 70
17 138 70
18 129 70
19 121 67
20 117 65
21 110 65
22 103 64
23 99 64
24 87 62
25 83 60
26 76 59
27 68 59
28 63 59
29 58 59
30 57 58
31 54 58
32 54 58
33 52 58
34 47 58
35 45 58
36 38 58
37 36 58
38 34 58
39 33 58
40 33 58
41 29 57
42 28 57
43 27 57
44 27 57
45 23 57
46 22 57
47 20 57
48 20 57
49 19 57
50 18 57
51 17 57
52 17 57
53 17 57
54 15 57
55 15 57
56 15 55
57 14 55
58 14 55
59 13 55
60 13 55
61 13 55
62 13 55
63 13 55
64 13 55
65 13 54
66 13 54
67 13 54
68 13 54
69 13 54
70 13 54
71 13 53
72 13 52
73 13 50
74 13 49
75 12 49
76 12 48
77 12 48
78 12 48
79 12 48
80 12 48
81 12 48
82 12 48
83 12 48
84 12 48
85 12 48
86 12 48
87 12 48
88 11 48
89 11 48
90 11 48
91 11 48
92 10 48
93 10 47
94 10 46
95 10 45
96 10 45
97 10 45
98 10 45
99 10 45
