0 813 150
1 798 134
2 768 122
3 763 113
4 757 103
5 741 92
6 729 86
7 719 76
8 685 70
9 672 64
10 659 57
11 635 55
12 617 52
13 589 51
14 504 51
15 279 48
16 191 48
17 165 48
18 156 48
19 148 45
20 144 43
21 138 43
22 131 42
23 127 42
24 115 40
25 111 38
26 104 37
27 96 37
28 91 37
29 86 37
30 86 36
31 83 36
32 83 36
33 81 36
34 76 36
35 74 36
36 67 36
37 65 36
38 63 36
39 62 36
40 62 36
41 58 35
42 57 35
43 56 35
44 56 35
45 52 35
46 51 35
47 49 35
48 49 35
49 48 35
50 47 35
51 46 35
52 46 35
53 46 35
54 44 35
55 44 35
56 44 33
57 43 33
58 43 33
59 42 33
60 42 33
61 42 33
62 42 33
63 42 33
64 42 33
65 42 32
66 42 32
67 42 32
68 42 32
69 42 32
70 42 32
71 42 32
72 42 31
73 42 29
74 42 28
75 41 28
76 41 27
77 41 27
78 41 27
79 41 27
80 41 27
81 41 27
82 41 27
83 41 27
84 41 27
85 41 27
86 41 27
87 41 27
88 40 27
89 40 27
90 40 27
91 40 27
92 39 27
93 39 26
94 39 25
95 39 24
96 39 24
97 39 24
98 39 24
99 39 24
