FP5now FP_length5 FP3now FP_length3 control_Reads control_length
0 0 1 54 183 363
0 0 1 60 763 1407
0 0 1 60 261 1095
0 0 1 93 608 750
0 0 1 72 721 897
0 0 1 51 58 312
0 0 1 57 1491 723
0 0 1 63 513 921
0 0 1 81 91 474
0 0 1 93 827 2112
0 0 1 57 6934 777
0 0 1 57 315 2532
0 0 1 63 335 951
0 0 1 60 276 1062
0 0 1 54 77 1074
0 0 1 51 43 663
0 0 1 57 3 330
0 0 1 51 852 1197
0 0 1 75 37 156
0 0 1 72 96 744
0 0 1 51 474 639
0 0 1 51 456 1326
0 0 1 57 14 930
0 0 1 51 52 1071
0 0 1 84 88 435
0 0 1 54 85 633
0 0 1 93 445 789
0 0 1 81 62 489
0 0 1 69 282 864
0 0 1 57 120 1545
0 0 1 54 224 1065
0 0 1 60 219 1380
0 0 1 57 572 915
0 0 1 54 123 558
0 0 1 54 138 540
0 0 1 54 292 489
0 0 1 60 184 1776
0 0 1 60 177 1794
0 0 1 63 41 870
0 0 1 90 327 774
0 0 1 51 142 1113
0 0 1 78 5 261
0 0 1 54 139 669
0 0 1 57 2 501
0 0 1 57 61 936
0 0 1 51 483 708
0 0 1 57 95 492
0 0 1 72 138 540
0 0 1 135 43 564
0 0 1 75 486 615
0 0 1 54 139 1524
0 0 1 51 333 1074
0 0 1 63 1153 1353
0 0 1 54 76 651
0 0 1 69 32 330
0 0 1 93 71 627
0 0 1 51 737 2901
0 0 1 66 1065 1482
0 0 1 57 70 987
0 0 1 75 39 246
0 0 1 78 886 1911
0 0 1 60 175 441
0 0 1 63 161 408
0 0 1 54 145 384
0 0 1 54 31 372
0 0 1 54 111 936
0 0 1 72 125 1071
0 0 1 51 9 276
0 0 1 87 22 654
0 0 1 57 243 729
0 0 1 60 231 1266
0 0 1 63 74 699
0 0 1 75 167 498
0 0 1 60 421 1875
0 0 1 81 631 1503
0 0 1 96 878 1185
0 0 1 90 260 480
0 0 1 72 43 1071
0 0 1 54 160 876
0 0 1 60 548 573
0 0 1 57 438 513
0 0 1 54 32 483
0 0 2 132 126 1230
0 0 1 60 205 1329
0 0 1 51 44 534
0 0 1 57 396 1770
0 0 1 54 573 672
0 0 1 51 76 741
0 0 1 54 278 1206
0 0 2 84 74 606
0 0 1 165 17 648
0 0 1 81 96 969
0 0 1 93 40 399
0 0 1 63 97 1140
0 0 1 63 26 1056
0 0 1 54 724 2001
0 0 1 51 806 1521
0 0 1 72 620 1542
0 0 1 57 136 990
0 0 1 57 175 1098
0 0 1 57 121 774
0 0 1 81 282 669
0 0 1 51 401 972
0 0 1 51 129 1047
0 0 1 57 260 888
0 0 1 63 153 1350
0 0 1 51 77 492
0 0 1 54 775 696
0 0 1 72 17 213
0 0 1 63 2330 1764
0 0 1 51 1699 1476
0 0 1 51 594 1692
0 0 1 54 194 2064
0 0 1 57 294 1263
0 0 1 63 4601 1164
0 0 1 69 40 414
0 0 1 51 221 1356
0 0 1 54 873 702
0 0 1 69 2136 978
0 0 1 72 8 303
0 0 1 57 653 1308
0 0 1 54 42 183
0 0 1 54 649 2346
0 0 1 54 3120 1383
0 0 1 66 40 471
0 0 1 66 188 1020
0 0 1 69 549 1359
0 0 1 75 361 1722
0 0 1 54 163 678
0 0 1 60 349 573
0 0 1 57 23 681
0 0 1 51 168 531
0 0 1 57 127 534
0 0 1 51 448 1242
0 0 1 51 898 2034
0 0 1 60 472 1398
0 0 1 60 323 381
0 0 1 54 91 519
0 0 1 72 113 552
0 0 1 60 55 555
0 0 1 60 46 966
0 0 1 51 165 795
0 0 1 51 2993 1212
0 0 1 69 34 1680
0 0 1 51 57 1056
0 0 1 57 977 1023
0 0 1 54 123 708
0 0 1 69 214 726
0 0 1 51 484 2670
0 0 1 69 202 489
0 0 1 66 60 534
0 0 1 69 454 1608
0 0 1 51 1569 2304
0 0 1 54 33 321
0 0 1 63 85 882
0 0 1 54 116 420
0 0 1 51 10240 2427
0 0 1 60 414 1290
0 0 1 57 90 450
0 0 1 54 157 1062
0 0 1 51 25 582
0 0 1 66 555 954
0 0 1 57 516 2772
0 0 1 57 1231 255
0 0 1 51 499 702
0 0 1 54 1380 1515
0 0 1 57 400 657
0 0 1 66 253 1398
0 0 1 54 1372 1029
0 0 1 69 490 771
0 0 1 57 2582 1365
0 0 1 54 519 1008
0 0 1 93 32 357
0 0 1 63 466 1773
0 0 1 60 237 522
0 0 1 75 2 297
0 0 1 63 608 747
0 0 1 60 77 621
0 0 1 57 296 897
0 0 1 54 789 1686
0 0 1 60 617 897
0 0 1 57 444 1278
0 0 1 69 385 948
0 0 1 57 397 1260
0 0 1 51 162 342
0 0 1 54 584 1173
0 0 1 51 1974 699
0 0 1 51 263 1494
0 0 1 78 535 474
0 0 1 51 68 999
0 0 1 57 3024 1314
0 0 1 51 249 999
0 0 2 57 103 414
0 0 1 57 805 747
0 0 1 51 382 2367
0 0 1 75 348 477
0 0 1 57 653 1020
0 0 1 51 837 1614
0 0 1 57 697 1920
0 0 1 54 8 276
0 0 1 51 200 714
0 0 1 60 329 864
0 0 1 78 69 444
0 0 1 72 281 948
0 0 1 54 30 624
0 0 1 51 2628 630
0 0 1 69 283 705
0 0 1 90 736 795
0 0 1 57 327 2073
0 0 1 63 17 483
0 0 1 72 342 1503
0 0 1 87 122 567
0 0 1 51 1206 903
0 0 1 51 123 495
0 0 1 54 287 1533
0 0 1 54 507 1386
0 0 1 57 23 417
0 0 1 51 202 1413
0 0 2 63 215 534
0 0 1 51 437 612
0 0 1 51 152 1023
0 0 1 51 64 828
0 0 1 51 1523 918
0 0 1 51 1151 1851
0 0 1 57 150 963
0 0 1 60 92 381
0 0 1 51 187 756
0 0 1 54 93 471
0 0 1 57 102 1416
0 0 1 57 475 1143
0 0 1 72 2497 1251
