0 813 134
1 798 118
2 768 106
3 763 97
4 757 87
5 741 76
6 729 70
7 719 60
8 685 54
9 672 48
10 659 40
11 635 38
12 617 35
13 589 34
14 504 34
15 279 31
16 191 31
17 165 31
18 156 31
19 148 28
20 144 26
21 138 26
22 131 25
23 127 25
24 115 23
25 111 21
26 104 20
27 96 20
28 91 20
29 86 20
30 86 19
31 83 19
32 83 19
33 81 19
34 76 19
35 74 19
36 67 19
37 65 19
38 63 19
39 62 19
40 62 19
41 58 18
42 57 18
43 56 18
44 56 18
45 52 18
46 51 18
47 49 18
48 49 18
49 48 18
50 47 18
51 46 18
52 46 18
53 46 18
54 44 18
55 44 18
56 44 16
57 43 16
58 43 16
59 42 16
60 42 16
61 42 16
62 42 16
63 42 16
64 42 16
65 42 15
66 42 15
67 42 15
68 42 15
69 42 15
70 42 15
71 42 15
72 42 14
73 42 12
74 42 11
75 41 11
76 41 10
77 41 10
78 41 10
79 41 10
80 41 10
81 41 10
82 41 10
83 41 10
84 41 10
85 41 10
86 41 10
87 41 10
88 40 10
89 40 10
90 40 10
91 40 10
92 39 10
93 39 9
94 39 8
95 39 7
96 39 7
97 39 7
98 39 7
99 39 7
