0 707 169
1 694 154
2 666 143
3 661 134
4 655 124
5 640 113
6 628 107
7 617 97
8 584 91
9 573 85
10 562 78
11 535 76
12 518 73
13 494 72
14 412 72
15 211 70
16 131 70
17 109 70
18 101 70
19 93 67
20 89 65
21 83 65
22 76 64
23 72 64
24 61 62
25 57 60
26 50 59
27 42 59
28 37 59
29 34 59
30 33 58
31 30 58
32 30 58
33 29 58
34 27 58
35 25 58
36 18 58
37 17 58
38 15 58
39 15 58
40 15 58
41 12 57
42 11 57
43 11 57
44 11 57
45 7 57
46 6 57
47 6 57
48 6 57
49 5 57
50 5 57
51 4 57
52 4 57
53 4 57
54 3 57
55 3 57
56 3 55
57 3 55
58 3 55
59 2 55
60 2 55
61 2 55
62 2 55
63 2 55
64 2 55
65 2 54
66 2 54
67 2 54
68 2 54
69 2 54
70 2 54
71 2 53
72 2 52
73 2 50
74 2 49
75 2 49
76 2 48
77 2 48
78 2 48
79 2 48
80 2 48
81 2 48
82 2 48
83 2 48
84 2 48
85 2 48
86 2 48
87 2 48
88 1 48
89 1 48
90 1 48
91 1 48
92 1 48
93 1 47
94 1 46
95 1 45
96 1 45
97 1 45
98 1 45
99 1 45
