0 807 169
1 792 154
2 762 143
3 757 134
4 751 124
5 735 113
6 723 107
7 713 97
8 679 91
9 666 85
10 652 78
11 624 76
12 606 73
13 578 72
14 490 72
15 260 70
16 171 70
17 145 70
18 136 70
19 128 67
20 124 65
21 117 65
22 110 64
23 106 64
24 94 62
25 90 60
26 83 59
27 75 59
28 70 59
29 65 59
30 64 58
31 61 58
32 61 58
33 59 58
34 54 58
35 52 58
36 45 58
37 43 58
38 41 58
39 40 58
40 40 58
41 36 57
42 35 57
43 34 57
44 34 57
45 30 57
46 29 57
47 27 57
48 27 57
49 26 57
50 25 57
51 24 57
52 24 57
53 24 57
54 22 57
55 22 57
56 22 55
57 21 55
58 21 55
59 20 55
60 20 55
61 20 55
62 20 55
63 20 55
64 20 55
65 20 54
66 20 54
67 20 54
68 20 54
69 20 54
70 20 54
71 20 53
72 20 52
73 20 50
74 20 49
75 19 49
76 19 48
77 19 48
78 19 48
79 19 48
80 19 48
81 19 48
82 19 48
83 19 48
84 19 48
85 19 48
86 19 48
87 19 48
88 18 48
89 18 48
90 18 48
91 18 48
92 17 48
93 17 47
94 17 46
95 17 45
96 17 45
97 17 45
98 17 45
99 17 45
