0 809 169
1 794 154
2 764 143
3 759 134
4 753 124
5 737 113
6 725 107
7 715 97
8 681 91
9 668 85
10 654 78
11 629 76
12 611 73
13 583 72
14 497 72
15 269 70
16 180 70
17 154 70
18 145 70
19 137 67
20 133 65
21 126 65
22 119 64
23 115 64
24 103 62
25 99 60
26 92 59
27 84 59
28 79 59
29 74 59
30 73 58
31 70 58
32 70 58
33 68 58
34 63 58
35 61 58
36 54 58
37 52 58
38 50 58
39 49 58
40 49 58
41 45 57
42 44 57
43 43 57
44 43 57
45 39 57
46 38 57
47 36 57
48 36 57
49 35 57
50 34 57
51 33 57
52 33 57
53 33 57
54 31 57
55 31 57
56 31 55
57 30 55
58 30 55
59 29 55
60 29 55
61 29 55
62 29 55
63 29 55
64 29 55
65 29 54
66 29 54
67 29 54
68 29 54
69 29 54
70 29 54
71 29 53
72 29 52
73 29 50
74 29 49
75 28 49
76 28 48
77 28 48
78 28 48
79 28 48
80 28 48
81 28 48
82 28 48
83 28 48
84 28 48
85 28 48
86 28 48
87 28 48
88 27 48
89 27 48
90 27 48
91 27 48
92 26 48
93 26 47
94 26 46
95 26 45
96 26 45
97 26 45
98 26 45
99 26 45
