0 494 169
1 481 154
2 462 143
3 458 134
4 454 124
5 444 113
6 437 107
7 428 97
8 405 91
9 397 85
10 388 78
11 368 76
12 354 73
13 337 72
14 275 72
15 129 70
16 80 70
17 61 70
18 56 70
19 51 67
20 48 65
21 43 65
22 41 64
23 39 64
24 33 62
25 31 60
26 26 59
27 19 59
28 17 59
29 17 59
30 16 58
31 15 58
32 15 58
33 14 58
34 14 58
35 13 58
36 9 58
37 9 58
38 9 58
39 9 58
40 9 58
41 8 57
42 8 57
43 8 57
44 8 57
45 4 57
46 4 57
47 4 57
48 4 57
49 3 57
50 3 57
51 2 57
52 2 57
53 2 57
54 2 57
55 2 57
56 2 55
57 2 55
58 2 55
59 1 55
60 1 55
61 1 55
62 1 55
63 1 55
64 1 55
65 1 54
66 1 54
67 1 54
68 1 54
69 1 54
70 1 54
71 1 53
72 1 52
73 1 50
74 1 49
75 1 49
76 1 48
77 1 48
78 1 48
79 1 48
80 1 48
81 1 48
82 1 48
83 1 48
84 1 48
85 1 48
86 1 48
87 1 48
88 1 48
89 1 48
90 1 48
91 1 48
92 1 48
93 1 47
94 1 46
95 1 45
96 1 45
97 1 45
98 1 45
99 1 45
