0 813 132
1 798 116
2 768 104
3 763 95
4 757 85
5 741 74
6 729 68
7 719 58
8 685 52
9 672 46
10 659 38
11 635 36
12 617 33
13 589 32
14 504 32
15 279 29
16 191 29
17 165 29
18 156 29
19 148 26
20 144 24
21 138 24
22 131 23
23 127 23
24 115 21
25 111 19
26 104 18
27 96 18
28 91 18
29 86 18
30 86 17
31 83 17
32 83 17
33 81 17
34 76 17
35 74 17
36 67 17
37 65 17
38 63 17
39 62 17
40 62 17
41 58 16
42 57 16
43 56 16
44 56 16
45 52 16
46 51 16
47 49 16
48 49 16
49 48 16
50 47 16
51 46 16
52 46 16
53 46 16
54 44 16
55 44 16
56 44 14
57 43 14
58 43 14
59 42 14
60 42 14
61 42 14
62 42 14
63 42 14
64 42 14
65 42 13
66 42 13
67 42 13
68 42 13
69 42 13
70 42 13
71 42 13
72 42 12
73 42 10
74 42 9
75 41 9
76 41 8
77 41 8
78 41 8
79 41 8
80 41 8
81 41 8
82 41 8
83 41 8
84 41 8
85 41 8
86 41 8
87 41 8
88 40 8
89 40 8
90 40 8
91 40 8
92 39 8
93 39 7
94 39 7
95 39 6
96 39 6
97 39 6
98 39 6
99 39 6
