0 813 114
1 798 97
2 768 85
3 763 76
4 757 66
5 741 56
6 729 51
7 719 41
8 685 35
9 672 29
10 659 21
11 635 19
12 617 16
13 589 15
14 504 15
15 279 13
16 191 13
17 165 13
18 156 13
19 148 10
20 144 8
21 138 8
22 131 7
23 127 7
24 115 5
25 111 3
26 104 2
27 96 2
28 91 2
29 86 2
30 86 2
31 83 2
32 83 2
33 81 2
34 76 2
35 74 2
36 67 2
37 65 2
38 63 2
39 62 2
40 62 2
41 58 2
42 57 2
43 56 2
44 56 2
45 52 2
46 51 2
47 49 2
48 49 2
49 48 2
50 47 2
51 46 2
52 46 2
53 46 2
54 44 2
55 44 2
56 44 2
57 43 2
58 43 2
59 42 2
60 42 2
61 42 2
62 42 2
63 42 2
64 42 2
65 42 2
66 42 2
67 42 2
68 42 2
69 42 2
70 42 2
71 42 2
72 42 2
73 42 2
74 42 2
75 41 2
76 41 2
77 41 2
78 41 2
79 41 2
80 41 2
81 41 2
82 41 2
83 41 2
84 41 2
85 41 2
86 41 2
87 41 2
88 40 2
89 40 2
90 40 2
91 40 2
92 39 2
93 39 2
94 39 2
95 39 2
96 39 2
97 39 2
98 39 2
99 39 2
