0 316 169
1 303 154
2 290 143
3 286 134
4 283 124
5 273 113
6 269 107
7 266 97
8 251 91
9 247 85
10 240 78
11 225 76
12 218 73
13 205 72
14 166 72
15 77 70
16 47 70
17 37 70
18 33 70
19 29 67
20 28 65
21 27 65
22 26 64
23 25 64
24 22 62
25 22 60
26 18 59
27 15 59
28 13 59
29 13 59
30 12 58
31 11 58
32 11 58
33 10 58
34 10 58
35 9 58
36 5 58
37 5 58
38 5 58
39 5 58
40 5 58
41 4 57
42 4 57
43 4 57
44 4 57
45 3 57
46 3 57
47 3 57
48 3 57
49 2 57
50 2 57
51 1 57
52 1 57
53 1 57
54 1 57
55 1 57
56 1 55
57 1 55
58 1 55
59 1 55
60 1 55
61 1 55
62 1 55
63 1 55
64 1 55
65 1 54
66 1 54
67 1 54
68 1 54
69 1 54
70 1 54
71 1 53
72 1 52
73 1 50
74 1 49
75 1 49
76 1 48
77 1 48
78 1 48
79 1 48
80 1 48
81 1 48
82 1 48
83 1 48
84 1 48
85 1 48
86 1 48
87 1 48
88 1 48
89 1 48
90 1 48
91 1 48
92 1 48
93 1 47
94 1 46
95 1 45
96 1 45
97 1 45
98 1 45
99 1 45
