codingsfilename TN5 FP5 FN5 TP5 A5 B5 UN5 TN3 FP3 FN3 TP3 A3 B3 code 
./models/lengths_1000-1000_5-1000.txt 1062 0 72 0 0.0 1.0 0 -190 1264 2 58 1.1769087523277468 0.03333333333333333 hard_length_3
./models/lengths_1000-1000_10-1000.txt 1062 0 72 0 0.0 1.0 0 280 794 2 58 0.7392923649906891 0.03333333333333333 hard_length_3
./models/lengths_1000-1000_11-1000.txt 1062 0 72 0 0.0 1.0 0 358 716 2 58 0.6666666666666666 0.03333333333333333 hard_length_3
./models/lengths_1000-1000_12-1000.txt 1062 0 72 0 0.0 1.0 0 444 627 4 59 0.5854341736694678 0.06349206349206349 hard_length_3
./models/lengths_1000-1000_13-1000.txt 1062 0 72 0 0.0 1.0 0 524 545 5 60 0.509822263797942 0.07692307692307693 hard_length_3
./models/lengths_1000-1000_14-1000.txt 1062 0 72 0 0.0 1.0 0 595 472 7 60 0.4423617619493908 0.1044776119402985 hard_length_3
./models/lengths_1000-1000_15-1000.txt 1062 0 72 0 0.0 1.0 0 685 382 9 58 0.3580131208997188 0.13432835820895522 hard_length_3
./models/lengths_1000-1000_16-1000.txt 1062 0 72 0 0.0 1.0 0 764 304 11 55 0.2846441947565543 0.16666666666666666 hard_length_3
./models/lengths_1000-1000_17-1000.txt 1062 0 72 0 0.0 1.0 0 827 241 11 55 0.22565543071161048 0.16666666666666666 hard_length_3
./models/lengths_1000-1000_18-1000.txt 1062 0 72 0 0.0 1.0 0 874 194 13 53 0.18164794007490637 0.19696969696969696 hard_length_3
./models/lengths_1000-1000_19-1000.txt 1062 0 72 0 0.0 1.0 0 916 152 14 52 0.14232209737827714 0.21212121212121213 hard_length_3
./models/lengths_1000-1000_20-1000.txt 1062 0 72 0 0.0 1.0 0 956 111 15 52 0.10402999062792877 0.22388059701492538 hard_length_3
./models/lengths_1000-1000_21-1000.txt 1062 0 72 0 0.0 1.0 0 980 89 16 49 0.0832553788587465 0.24615384615384617 hard_length_3
./models/lengths_1000-1000_22-1000.txt 1062 0 72 0 0.0 1.0 0 996 73 16 49 0.06828811973807297 0.24615384615384617 hard_length_3
./models/lengths_1000-1000_23-1000.txt 1062 0 72 0 0.0 1.0 0 1005 64 16 49 0.05986903648269411 0.24615384615384617 hard_length_3
./models/lengths_1000-1000_24-1000.txt 1062 0 72 0 0.0 1.0 0 1020 49 17 48 0.04583723105706267 0.26153846153846155 hard_length_3
./models/lengths_1000-1000_25-1000.txt 1062 0 72 0 0.0 1.0 0 1030 38 19 47 0.035580524344569285 0.2878787878787879 hard_length_3
./models/lengths_1000-1000_30-1000.txt 1062 0 72 0 0.0 1.0 0 1054 15 20 45 0.01403180542563143 0.3076923076923077 hard_length_3
./models/lengths_1000-1000_35-1000.txt 1062 0 72 0 0.0 1.0 0 1067 3 24 40 0.002803738317757009 0.375 hard_length_3
./models/lengths_1000-1000_40-1000.txt 1062 0 72 0 0.0 1.0 0 1069 1 26 38 0.0009345794392523365 0.40625 hard_length_3
./models/lengths_1000-1000_45-1000.txt 1062 0 72 0 0.0 1.0 0 1069 1 27 37 0.0009345794392523365 0.421875 hard_length_3
./models/lengths_1000-1000_50-1000.txt 1062 0 72 0 0.0 1.0 0 1069 1 28 36 0.0009345794392523365 0.4375 hard_length_3
./models/lengths_1000-1000_55-1000.txt 1062 0 72 0 0.0 1.0 0 1069 1 28 36 0.0009345794392523365 0.4375 hard_length_3
./models/lengths_1000-1000_60-1000.txt 1062 0 72 0 0.0 1.0 0 1070 0 30 34 0.0 0.46875 hard_length_3
./models/lengths_1000-1000_65-1000.txt 1062 0 72 0 0.0 1.0 0 1071 0 31 32 0.0 0.49206349206349204 hard_length_3
./models/lengths_1000-1000_70-1000.txt 1062 0 72 0 0.0 1.0 0 1071 0 33 30 0.0 0.5238095238095238 hard_length_3
./models/lengths_1000-1000_75-1000.txt 1062 0 72 0 0.0 1.0 0 1071 0 35 28 0.0 0.5555555555555556 hard_length_3
./models/lengths_1000-1000_80-1000.txt 1062 0 72 0 0.0 1.0 0 1071 0 37 26 0.0 0.5873015873015873 hard_length_3
./models/lengths_1000-1000_85-1000.txt 1062 0 72 0 0.0 1.0 0 1071 0 40 23 0.0 0.6349206349206349 hard_length_3
./models/lengths_1000-1000_90-1000.txt 1062 0 72 0 0.0 1.0 0 1071 0 44 19 0.0 0.6984126984126984 hard_length_3
./models/lengths_1000-1000_95-1000.txt 1062 0 72 0 0.0 1.0 0 1071 0 45 18 0.0 0.7142857142857143 hard_length_3
./models/lengths_1000-1000_100-1000.txt 1062 0 72 0 0.0 1.0 0 1071 0 46 17 0.0 0.7301587301587301 hard_length_3
./models/lengths_1000-1000_105-1000.txt 1062 0 72 0 0.0 1.0 0 1071 0 48 15 0.0 0.7619047619047619 hard_length_3
./models/lengths_1000-1000_110-1000.txt 1062 0 72 0 0.0 1.0 0 1071 0 49 14 0.0 0.7777777777777778 hard_length_3
./models/lengths_1000-1000_115-1000.txt 1062 0 72 0 0.0 1.0 0 1071 0 50 13 0.0 0.7936507936507936 hard_length_3
./models/lengths_1000-1000_120-1000.txt 1062 0 72 0 0.0 1.0 0 1071 0 50 13 0.0 0.7936507936507936 hard_length_3
./models/lengths_1000-1000_125-1000.txt 1062 0 72 0 0.0 1.0 0 1071 0 50 13 0.0 0.7936507936507936 hard_length_3
./models/lengths_1000-1000_130-1000.txt 1062 0 72 0 0.0 1.0 0 1071 0 51 12 0.0 0.8095238095238095 hard_length_3
./models/lengths_1000-1000_135-1000.txt 1062 0 72 0 0.0 1.0 0 1071 0 51 12 0.0 0.8095238095238095 hard_length_3
./models/lengths_1000-1000_140-1000.txt 1062 0 72 0 0.0 1.0 0 1071 0 54 9 0.0 0.8571428571428571 hard_length_3
./models/lengths_1000-1000_145-1000.txt 1062 0 72 0 0.0 1.0 0 1071 0 56 7 0.0 0.8888888888888888 hard_length_3
./models/lengths_1000-1000_150-1000.txt 1062 0 72 0 0.0 1.0 0 1071 0 56 7 0.0 0.8888888888888888 hard_length_3
./models/lengths_5-1000_1000-1000.txt 840 219 1 74 0.20679886685552407 0.013333333333333334 26 1072 0 62 0 0.0 1.0 hard_length_5
./models/lengths_10-1000_1000-1000.txt 1001 56 11 66 0.052980132450331126 0.14285714285714285 14 1072 0 62 0 0.0 1.0 hard_length_5
./models/lengths_11-1000_1000-1000.txt 1019 38 13 64 0.03595080416272469 0.16883116883116883 14 1072 0 62 0 0.0 1.0 hard_length_5
./models/lengths_12-1000_1000-1000.txt 1037 20 13 64 0.01892147587511826 0.16883116883116883 11 1072 0 62 0 0.0 1.0 hard_length_5
./models/lengths_13-1000_1000-1000.txt 1044 13 14 63 0.01229895931882687 0.18181818181818182 11 1072 0 62 0 0.0 1.0 hard_length_5
./models/lengths_14-1000_1000-1000.txt 1047 10 14 63 0.00946073793755913 0.18181818181818182 10 1072 0 62 0 0.0 1.0 hard_length_5
./models/lengths_15-1000_1000-1000.txt 1049 8 14 63 0.007568590350047304 0.18181818181818182 8 1072 0 62 0 0.0 1.0 hard_length_5
./models/lengths_16-1000_1000-1000.txt 1053 4 14 63 0.003784295175023652 0.18181818181818182 7 1072 0 62 0 0.0 1.0 hard_length_5
./models/lengths_17-1000_1000-1000.txt 1053 4 14 63 0.003784295175023652 0.18181818181818182 7 1072 0 62 0 0.0 1.0 hard_length_5
./models/lengths_18-1000_1000-1000.txt 1053 4 16 61 0.003784295175023652 0.2077922077922078 7 1072 0 62 0 0.0 1.0 hard_length_5
./models/lengths_19-1000_1000-1000.txt 1054 3 16 61 0.002838221381267739 0.2077922077922078 7 1072 0 62 0 0.0 1.0 hard_length_5
./models/lengths_20-1000_1000-1000.txt 1054 3 16 61 0.002838221381267739 0.2077922077922078 6 1072 0 62 0 0.0 1.0 hard_length_5
./models/lengths_21-1000_1000-1000.txt 1054 3 17 60 0.002838221381267739 0.22077922077922077 5 1072 0 62 0 0.0 1.0 hard_length_5
./models/lengths_22-1000_1000-1000.txt 1055 2 18 59 0.001892147587511826 0.23376623376623376 5 1072 0 62 0 0.0 1.0 hard_length_5
./models/lengths_23-1000_1000-1000.txt 1055 2 18 59 0.001892147587511826 0.23376623376623376 5 1072 0 62 0 0.0 1.0 hard_length_5
./models/lengths_24-1000_1000-1000.txt 1055 2 18 59 0.001892147587511826 0.23376623376623376 4 1072 0 62 0 0.0 1.0 hard_length_5
./models/lengths_25-1000_1000-1000.txt 1055 2 18 59 0.001892147587511826 0.23376623376623376 4 1072 0 62 0 0.0 1.0 hard_length_5
./models/lengths_30-1000_1000-1000.txt 1056 0 23 55 0.0 0.2948717948717949 1 1072 0 62 0 0.0 1.0 hard_length_5
./models/lengths_35-1000_1000-1000.txt 1057 0 27 50 0.0 0.35064935064935066 1 1072 0 62 0 0.0 1.0 hard_length_5
./models/lengths_40-1000_1000-1000.txt 1058 0 29 47 0.0 0.3815789473684211 1 1072 0 62 0 0.0 1.0 hard_length_5
./models/lengths_45-1000_1000-1000.txt 1059 0 31 44 0.0 0.41333333333333333 0 1072 0 62 0 0.0 1.0 hard_length_5
./models/lengths_50-1000_1000-1000.txt 1059 0 32 43 0.0 0.4266666666666667 0 1072 0 62 0 0.0 1.0 hard_length_5
./models/lengths_55-1000_1000-1000.txt 1059 0 33 42 0.0 0.44 0 1072 0 62 0 0.0 1.0 hard_length_5
./models/lengths_60-1000_1000-1000.txt 1059 0 36 39 0.0 0.48 0 1072 0 62 0 0.0 1.0 hard_length_5
./models/lengths_65-1000_1000-1000.txt 1059 0 43 32 0.0 0.5733333333333334 0 1072 0 62 0 0.0 1.0 hard_length_5
./models/lengths_70-1000_1000-1000.txt 1059 0 48 27 0.0 0.64 0 1072 0 62 0 0.0 1.0 hard_length_5
./models/lengths_75-1000_1000-1000.txt 1059 0 51 24 0.0 0.68 0 1072 0 62 0 0.0 1.0 hard_length_5
./models/lengths_80-1000_1000-1000.txt 1059 0 53 22 0.0 0.7066666666666667 0 1072 0 62 0 0.0 1.0 hard_length_5
./models/lengths_85-1000_1000-1000.txt 1059 0 55 20 0.0 0.7333333333333333 0 1072 0 62 0 0.0 1.0 hard_length_5
./models/lengths_90-1000_1000-1000.txt 1060 0 58 16 0.0 0.7837837837837838 0 1072 0 62 0 0.0 1.0 hard_length_5
./models/lengths_95-1000_1000-1000.txt 1060 0 58 16 0.0 0.7837837837837838 0 1072 0 62 0 0.0 1.0 hard_length_5
./models/lengths_100-1000_1000-1000.txt 1060 0 59 15 0.0 0.7972972972972973 0 1072 0 62 0 0.0 1.0 hard_length_5
./models/lengths_105-1000_1000-1000.txt 1060 0 60 14 0.0 0.8108108108108109 0 1072 0 62 0 0.0 1.0 hard_length_5
./models/lengths_110-1000_1000-1000.txt 1060 0 61 13 0.0 0.8243243243243243 0 1072 0 62 0 0.0 1.0 hard_length_5
./models/lengths_115-1000_1000-1000.txt 1060 0 63 11 0.0 0.8513513513513513 0 1072 0 62 0 0.0 1.0 hard_length_5
./models/lengths_120-1000_1000-1000.txt 1060 0 63 11 0.0 0.8513513513513513 0 1072 0 62 0 0.0 1.0 hard_length_5
./models/lengths_125-1000_1000-1000.txt 1060 0 66 8 0.0 0.8918918918918919 0 1072 0 62 0 0.0 1.0 hard_length_5
./models/lengths_130-1000_1000-1000.txt 1061 0 66 7 0.0 0.9041095890410958 0 1072 0 62 0 0.0 1.0 hard_length_5
./models/lengths_135-1000_1000-1000.txt 1062 0 67 5 0.0 0.9305555555555556 0 1072 0 62 0 0.0 1.0 hard_length_5
./models/lengths_140-1000_1000-1000.txt 1062 0 67 5 0.0 0.9305555555555556 0 1072 0 62 0 0.0 1.0 hard_length_5
./models/lengths_145-1000_1000-1000.txt 1062 0 67 5 0.0 0.9305555555555556 0 1072 0 62 0 0.0 1.0 hard_length_5
./models/lengths_150-1000_1000-1000.txt 1062 0 67 5 0.0 0.9305555555555556 0 1072 0 62 0 0.0 1.0 hard_length_5
./models/lengths_15-1000-25-1000_min_id_0.txt 1049 8 14 63 0.007568590350047304 0.18181818181818182 8 1030 38 19 47 0.035580524344569285 0.2878787878787879 min_id
./models/lengths_15-1000-25-1000_min_id_0.1.txt 1050 7 15 62 0.006622516556291391 0.19480519480519481 5 1032 36 19 47 0.033707865168539325 0.2878787878787879 min_id
./models/lengths_15-1000-25-1000_min_id_0.2.txt 1050 7 15 62 0.006622516556291391 0.19480519480519481 4 1032 36 19 47 0.033707865168539325 0.2878787878787879 min_id
./models/lengths_15-1000-25-1000_min_id_0.3.txt 1052 5 15 62 0.004730368968779565 0.19480519480519481 4 1032 36 19 47 0.033707865168539325 0.2878787878787879 min_id
./models/lengths_15-1000-25-1000_min_id_0.4.txt 1054 3 15 62 0.002838221381267739 0.19480519480519481 4 1034 34 20 46 0.031835205992509365 0.30303030303030304 min_id
./models/lengths_15-1000-25-1000_min_id_0.5.txt 1057 1 15 61 0.000945179584120983 0.19736842105263158 3 1042 27 20 45 0.025257249766136577 0.3076923076923077 min_id
./models/lengths_15-1000-25-1000_min_id_0.6.txt 1057 1 18 58 0.000945179584120983 0.23684210526315788 3 1051 18 22 43 0.01683816651075772 0.3384615384615385 min_id
./models/lengths_15-1000-25-1000_min_id_0.7.txt 1057 1 19 57 0.000945179584120983 0.25 2 1062 8 31 33 0.007476635514018692 0.484375 min_id
./models/lengths_15-1000-25-1000_min_id_0.8.txt 1057 1 32 44 0.000945179584120983 0.42105263157894735 0 1065 5 43 21 0.004672897196261682 0.671875 min_id
./models/lengths_15-1000-25-1000_min_id_0.9.txt 1061 0 52 21 0.0 0.7123287671232876 0 1067 4 53 10 0.003734827264239029 0.8412698412698413 min_id
